  0  00000000 00000000 00000020 00000000 00000000 01800118 00000000 03000230 00000000 00000000 00000019 00000000 00000000 00000000 00158985
  1  0000026a 00000001 00000021 00000000 00000000 01800118 00000000 03000230 00000000 00000000 00000019 00000000 07800280 07800280 00003a67
  2  00000286 00000002 00000021 00000000 00000000 01800118 00000000 03000230 00000000 00000000 00000019 00000000 07800280 07800280 00000c0b
  3  000002a3 00000003 00000021 00000000 00000000 01800118 00000000 03000230 00000000 00000000 00000019 00000000 07800280 07800280 00000387
  4  000002bf 00000004 00000021 00000000 00000000 01800118 00000000 03000230 00000000 00000000 00000019 00000000 07800280 07800280 000006e3
  5  000002bf 00000004 00000021 0000c010 00000000 01800118 00000000 03000230 00000000 00000000 00000019 00000000 07800280 07800280 00000224
  6  000002bf 00000004 00000021 0000c004 00000000 01800118 00000000 03000230 00000000 00000000 00000019 00000000 07800280 07800280 00000332
  7  000002db 00000005 00000021 00000000 00000000 01800118 00000000 03000230 00000000 00000000 00000019 00000000 07800280 07800280 000002d5
  8  000002db 00000005 00000021 0000c004 00000000 01800118 00000000 03000230 00000000 00000000 00000019 00000000 07800280 07800280 00000276
  9  000002f7 00000006 00000021 00000000 00000000 01800118 00000000 03000230 00000000 00000000 00000019 00000000 07800280 07800280 0000032f
 10  000002f7 00000006 00000021 0000c004 00000000 01800118 00000000 03000230 00000000 00000000 00000019 00000000 07800280 07800280 000000c5
 11  000002f7 00000006 00000021 00000000 00000000 01800118 00000000 03000230 00000000 00000000 00000019 00000000 07800280 07800280 00000359
 12  000002f7 00000006 00000021 0000c004 00000000 01800118 00000000 03000230 00000000 00000000 00000019 00000000 07800280 07800280 000000d9
 13  00000313 00000007 00000021 00000000 00000000 01800118 00000000 03000230 00000000 00000000 00000019 00000000 07800280 07800280 00000359
 14  00000313 00000007 00000021 0000c004 00000000 01800118 00000000 03000230 00000000 00000000 00000019 00000000 07800280 07800280 00000152
 15  00000313 00000007 00000021 00000000 00000000 01800118 00000000 03000230 00000000 00000000 00000019 00000000 07800280 07800280 0000035b
 16  0000032f 00000008 00000021 00000000 00000000 01800118 00000000 03000230 00000000 00000000 00000019 00000000 07800280 07800280 00000083
 17  0000032f 00000008 00000021 0000c004 00000000 01800118 00000000 03000230 00000000 00000000 00000019 00000000 07800280 07800280 000000c1
 18  0000032f 00000008 00000021 00000000 00000000 01800118 00000000 03000230 00000000 00000000 00000019 00000000 07800280 07800280 00000353
 19  0000032f 00000008 00000021 0000c004 00000000 01800118 00000000 03000230 00000000 00000000 00000019 00000000 07800280 07800280 00000123
 20  0000034b 00000009 00000021 00000000 00000000 01800118 00000000 03000230 00000000 00000000 00000019 00000000 07800280 07800280 0000038c
 21  0000034b 00000009 00000021 0000c004 00000000 01800118 00000000 03000230 00000000 00000000 00000019 00000000 07800280 07800280 00000125
 22  0000034b 00000009 00000021 00000000 00000000 01800118 00000000 03000230 00000000 00000000 00000019 00000000 07800280 07800280 00000356
 23  0000034b 00000009 00000021 0000c004 00000000 01800118 00000000 03000230 00000000 00000000 00000019 00000000 07800280 07800280 00000178
 24  0000034b 00000009 00000021 00000000 00000000 01800118 00000000 03000230 00000000 00000000 00000019 00000000 07800280 07800280 00000362
 25  0000034b 00000009 00000021 0000c004 00000000 01800118 00000000 03000230 00000000 00000000 00000019 00000000 07800280 07800280 000000fb
 26  0000034b 00000009 00000021 00000000 00000000 01800118 00000000 03000230 00000000 00000000 00000019 00000000 07800280 07800280 00000363
 27  0000034b 00000009 00000021 0000c004 00000000 01800118 00000000 03000230 00000000 00000000 00000019 00000000 07800280 07800280 00000136
 28  0000034b 00000009 00000021 00000000 00000000 01800118 00000000 03000230 00000000 00000000 00000019 00000000 07800280 07800280 00000375
 29  0000034b 00000009 00000021 0000c004 00000000 01800118 00000000 03000230 00000000 00000000 00000019 00000000 07800280 07800280 000000f5
 30  0000034b 00000009 00000021 00000000 00000000 01800118 00000000 03000230 00000000 00000000 00000019 00000000 07800280 07800280 00000358
 31  0000034b 00000009 00000021 0000c004 00000000 01800118 00000000 03000230 00000000 00000000 00000019 00000000 07800280 07800280 0000013f
 32  0000034b 00000009 00000021 00000000 00000000 01800118 00000000 03000230 00000000 00000000 00000019 00000000 07800280 07800280 00000355
 33  0000034b 00000009 00000021 0000c004 00000000 01800118 00000000 03000230 00000000 00000000 00000019 00000000 07800280 07800280 00000142
 34  0000034b 00000009 00000021 00000000 00000000 01800118 00000000 03000230 00000000 00000000 00000019 00000000 07800280 07800280 00000355
 35  0000034b 00000009 00000021 0000c004 00000000 01800118 00000000 03000230 00000000 00000000 00000019 00000000 07800280 07800280 00000142
 36  0000034b 00000009 00000021 00000000 00000000 01800118 00000000 03000230 00000000 00000000 00000019 00000000 07800280 07800280 00000354
 37  0000034b 00000009 00000021 0000c004 00000000 01800118 00000000 03000230 00000000 00000000 00000019 00000000 07800280 07800280 00000172
 38  0000034b 00000009 00000021 00000000 00000000 01800118 00000000 03000230 00000000 00000000 00000019 00000000 07800280 07800280 00000355
 39  0000034b 00000009 00000021 0000c004 00000000 01800118 00000000 03000230 00000000 00000000 00000019 00000000 07800280 07800280 00000136
 40  0000034b 00000009 00000021 00000000 00000000 01800118 00000000 03000230 00000000 00000000 00000019 00000000 07800280 07800280 00000354
 41  0000034b 00000009 00000021 0000c004 00000000 01800118 00000000 03000230 00000000 00000000 00000019 00000000 07800280 07800280 00000154
 42  0000034b 00000009 00000021 00000000 00000000 01800118 00000000 03000230 00000000 00000000 00000019 00000000 07800280 07800280 00000357
 43  0000034b 00000009 00000021 0000c004 00000000 01800118 00000000 03000230 00000000 00000000 00000019 00000000 07800280 07800280 00000143
 44  0000034b 00000009 00000021 00000000 00000000 01800118 00000000 03000230 00000000 00000000 00000019 00000000 07800280 07800280 00000358
 45  0000034b 00000009 00000021 0000c004 00000000 01800118 00000000 03000230 00000000 00000000 00000019 00000000 07800280 07800280 0000010c
 46  0000034b 00000009 00000021 00000000 00000000 01800118 00000000 03000230 00000000 00000000 00000019 00000000 07800280 07800280 00000359
 47  0000034b 00000009 00000021 0000c004 00000000 01800118 00000000 03000230 00000000 00000000 00000019 00000000 07800280 07800280 0000016c
 48  0000034b 00000009 00000021 00000000 00000000 01800118 00000000 03000230 00000000 00000000 00000019 00000000 07800280 07800280 00000355
 49  0000034b 00000009 00000021 0000c004 00000000 01800118 00000000 03000230 00000000 00000000 00000019 00000000 07800280 07800280 000000b4
 50  0000034b 00000009 00000021 00000000 00000000 01800118 00000000 03000230 00000000 00000000 00000019 00000000 07800280 07800280 00000359
 51  0000034b 00000009 00000021 0000c004 00000000 01800118 00000000 03000230 00000000 00000000 00000019 00000000 07800280 07800280 000001d0
 52  0000034b 00000009 00000021 00000000 00000000 01800118 00000000 03000230 00000000 00000000 00000019 00000000 07800280 07800280 00000359
 53  0000034b 00000009 00000021 0000c004 00000000 01800118 00000000 03000230 00000000 00000000 00000019 00000000 07800280 07800280 0000015d
 54  0000034b 00000009 00000021 00000000 00000000 01800118 00000000 03000230 00000000 00000000 00000019 00000000 07800280 07800280 00000355
 55  0000034b 00000009 00000021 0000c004 00000000 01800118 00000000 03000230 00000000 00000000 00000019 00000000 07800280 07800280 0000018c
 56  0000034b 00000009 00000021 00000000 00000000 01800118 00000000 03000230 00000000 00000000 00000019 00000000 07800280 07800280 00000370
 57  0000034b 00000009 00000021 0000c004 00000000 01800118 00000000 03000230 00000000 00000000 00000019 00000000 07800280 07800280 0000008f
 58  0000034b 00000009 00000021 00000000 00000000 01800118 00000000 03000230 00000000 00000000 00000019 00000000 07800280 07800280 00000357
 59  0000034b 00000009 00000021 0000c004 00000000 01800118 00000000 03000230 00000000 00000000 00000019 00000000 07800280 07800280 00000140
 60  0000034b 00000009 00000021 00000000 00000000 01800118 00000000 03000230 00000000 00000000 00000019 00000000 07800280 07800280 00000358
 61  0000034b 00000009 00000021 0000c004 00000000 01800118 00000000 03000230 00000000 00000000 00000019 00000000 07800280 07800280 00000140
 62  0000034b 00000009 00000021 00000000 00000000 01800118 00000000 03000230 00000000 00000000 00000019 00000000 07800280 07800280 00000381
 63  0000034b 00000009 00000021 0000c004 00000000 01800118 00000000 03000230 00000000 00000000 00000019 00000000 07800280 07800280 00000149
 64  0000034b 00000009 00000021 00000000 00000000 01800118 00000000 03000230 00000000 00000000 00000019 00000000 07800280 07800280 00000358
 65  0000034b 00000009 00000021 0000c004 00000000 01800118 00000000 03000230 00000000 00000000 00000019 00000000 07800280 07800280 00000136
 66  0000034b 00000009 00000021 00000000 00000000 01800118 00000000 03000230 00000000 00000000 00000019 00000000 07800280 07800280 00000353
 67  0000034b 00000009 00000021 0000c004 00000000 01800118 00000000 03000230 00000000 00000000 00000019 00000000 07800280 07800280 0000011a
 68  0000034b 00000008 0000000e 00000000 0000b200 01700110 00000000 02e00220 00000000 00000000 00000019 00000000 07800280 07800280 00000377
 69  0000034b 00000008 0000000e 0000c004 00000000 01700110 00000000 02e00220 00000000 00000000 00000019 00000000 07800280 07800280 00000157
 70  0000034b 00000007 0000000e 00000000 00000000 01700110 01700110 02e00220 00000000 00000000 00000019 00000000 07800280 07800280 000000f4
 71  0000034b 00000007 0000000e 00000000 0000b00e 01700110 01700110 02e00220 0a001e00 00000000 00000019 00000000 07800280 07800280 0000036b
 72  0000034b 00000007 0000000e 00000000 00000000 01700110 01700110 02e00220 0a001e00 00000000 00000019 00000000 07800280 07800280 00000366
 73  0000034b 00000006 0000000e 00000000 00000000 01700110 01700110 02e00220 0a001e00 00000000 00000019 00000004 07800280 07800280 00000034
 74  0000034b 00000006 0000000e 00000000 0000b002 01700110 01700110 02e00220 0a001e00 00000001 00000019 00000004 07800280 07800280 0000006e
 75  00000367 00000007 0000000e 0000c004 00000000 01700110 01700110 02e00220 0a001e00 00000001 00000019 00000004 07800280 07800280 000000cf
 76  00000367 00000007 0000000e 00000000 00000000 01700110 01700110 02e00220 0a001e00 00000001 00000019 00000004 07800280 07800280 00000398
 77  00000367 00000007 0000000e 0000c004 00000000 01700110 01700110 02e00220 0a001e00 00000001 00000019 00000004 07800280 07800280 00000140
 78  00000367 00000006 0000000e 00000000 00000000 01700110 01700110 02e00220 0a001e00 00000001 00000019 00000008 07800280 07800280 000000f0
 79  00000367 00000006 0000000e 00000000 0000b002 01700110 01700110 02e00220 0a001e00 00000002 00000019 00000008 07800280 07800280 0000006e
 80  00000384 00000007 0000000e 00000000 00000000 01700110 01700110 02e00220 0a001e00 00000002 00000019 00000008 07800280 07800280 00000091
 81  00000384 00000007 0000000e 0000c004 00000000 01700110 01700110 02e00220 0a001e00 00000002 00000019 00000008 07800280 07800280 0000025c
 82  00000384 00000007 0000000e 00000000 00000000 01700110 01700110 02e00220 0a001e00 00000002 00000019 00000008 07800280 07800280 00000377
 83  00000384 00000006 0000000e 00000000 00000000 01700110 01700110 02e00220 0a001e00 00000002 00000019 0000000c 07800280 07800280 0000002b
 84  00000384 00000006 0000000e 00000000 0000b002 01700110 01700110 02e00220 0a001e00 00000003 00000019 0000000c 07800280 07800280 00000074
 85  00000384 00000006 0000000e 00000000 00000000 01700110 01700110 02e00220 0a001e00 00000003 00000019 0000000c 07800280 07800280 00000358
 86  00000384 00000006 0000000e 0000c004 00000000 01700110 01700110 02e00220 0a001e00 00000003 00000019 0000000c 07800280 07800280 000001c4
 87  000003a0 00000007 0000000e 00000000 00000000 01700110 01700110 02e00220 0a001e00 00000003 00000019 0000000c 07800280 07800280 000000b1
 88  000003a0 00000007 0000000e 00000000 00000000 01700110 01700110 02e00220 0a001e00 00000003 00000019 00000010 07800280 07800280 000000c2
 89  000003a0 00000006 0000000e 00000000 00000000 01700110 01700110 02e00220 0a001e00 00000003 00000019 00000010 07800280 07800280 00000009
 90  000003a0 00000006 0000000e 00000000 0000b002 01700110 01700110 02e00220 0a001e00 00000004 00000019 00000010 07800280 07800280 000000cb
 91  000003a0 00000006 0000000e 0000c004 00000000 01700110 01700110 02e00220 0a001e00 00000004 00000019 00000010 07800280 07800280 0000024c
 92  000003a0 00000006 0000000e 00000000 00000000 01700110 01700110 02e00220 0a001e00 00000004 00000019 00000010 07800280 07800280 00000358
 93  000003a0 00000006 0000000e 00000000 00000000 01700110 01700110 02e00220 0a001e00 00000004 00000019 00000014 07800280 07800280 0000008e
 94  000003a0 00000005 0000000e 00000000 00000000 01700110 01700110 02e00220 0a001e00 00000004 00000019 00000014 07800280 07800280 00000008
 95  000003a0 00000005 0000000e 0000c004 0000b002 01700110 01700110 02e00220 0a001e00 00000004 00000019 00000014 07800280 07800280 00000030
 96  000003bc 00000006 0000000e 00000000 00000000 01700110 01700110 02e00220 0a001e00 00000005 00000019 00000014 07800280 07800280 000000d3
 97  000003bc 00000006 0000000e 0000c004 00000000 01700110 01700110 02e00220 0a001e00 00000005 00000019 00000014 07800280 07800280 00000440
 98  000003bc 00000005 0000000e 00000000 00000000 01700110 01700110 02e00220 0a001e00 00000005 00000019 00000018 07800280 07800280 000001be
 99  000003bc 00000005 0000000e 00000000 0000b002 01700110 01700110 02e00220 0a001e00 00000006 00000019 00000018 07800280 07800280 00000013
100  000003d8 00000006 0000000e 00000000 00000000 01700110 01700110 02e00220 0a001e00 00000006 00000019 00000018 07800280 07800280 0000009a
101  000003d8 00000006 0000000e 0000c004 00000000 01700110 01700110 02e00220 0a001e00 00000006 00000019 00000018 07800280 07800280 000001fc
102  000003d8 00000006 0000000e 00000000 00000000 01700110 01700110 02e00220 0a001e00 00000006 00000019 00000018 07800280 07800280 0000035a
103  000003d8 00000005 0000000e 00000000 00000000 01700110 01700110 02e00220 0a001e00 00000006 00000019 0000001c 07800280 07800280 00000125
104  000003d8 00000005 0000000e 0000c004 0000b002 01700110 01700110 02e00220 0a001e00 00000007 00000019 0000001c 07800280 07800280 0000006e
105  000003f4 00000006 0000000e 00000000 00000000 01700110 01700110 02e00220 0a001e00 00000007 00000019 0000001c 07800280 07800280 00000307
106  000003f4 00000006 0000000e 0000c004 00000000 01700110 01700110 02e00220 0a001e00 00000007 00000019 0000001c 07800280 07800280 0000016b
107  000003f4 00000005 0000000e 00000000 00000000 01700110 01700110 02e00220 0a001e00 00000007 00000019 00000020 07800280 07800280 0000022c
108  000003f4 00000005 0000000e 00000000 0000b002 01700110 01700110 02e00220 0a001e00 00000008 00000019 00000020 07800280 07800280 0000004a
109  000003f4 00000005 0000000e 0000c004 00000000 01700110 01700110 02e00220 0a001e00 00000008 00000019 00000020 07800280 07800280 0000016c
110  00000410 00000006 0000000e 00000000 00000000 01700110 01700110 02e00220 0a001e00 00000008 00000019 00000020 07800280 07800280 000001aa
111  0000042c 00000006 0000000e 0000c004 00000000 01700110 01700110 02e00220 0a001e00 00000008 00000019 00000024 07800280 07800280 0000039c
112  0000042c 00000006 0000000e 00000000 0000b002 01700110 01700110 02e00220 0a001e00 00000009 00000019 00000024 07800280 07800280 00000054
113  0000042c 00000006 0000000e 00000000 00000000 01700110 01700110 02e00220 0a001e00 00000009 00000019 00000024 07800280 07800280 00000358
114  0000042c 00000006 0000000e 0000c004 00000000 01700110 01700110 02e00220 0a001e00 00000009 00000019 00000024 07800280 07800280 0000006f
115  0000042c 00000006 0000000e 00000000 00000000 01700110 01700110 02e00220 0a001e00 00000009 00000019 00000028 07800280 07800280 000002c6
116  0000042c 00000005 0000000e 00000000 00000000 01700110 01700110 02e00220 0a001e00 00000009 00000019 00000028 07800280 07800280 00000008
117  0000042c 00000005 0000000e 00000000 0000b002 01700110 01700110 02e00220 0a001e00 0000000a 00000019 00000028 07800280 07800280 0000006e
118  0000042c 00000005 0000000e 0000c004 00000000 01700110 01700110 02e00220 0a001e00 0000000a 00000019 00000028 07800280 07800280 00000173
119  00000448 00000006 0000000e 00000000 00000000 01700110 01700110 02e00220 0a001e00 0000000a 00000019 00000028 07800280 07800280 00000337
120  00000448 00000006 0000000e 0000c004 00000000 01700110 01700110 02e00220 0a001e00 0000000a 00000019 00000028 07800280 07800280 000001e3
121  00000448 00000005 0000000e 00000000 00000000 01700110 01700110 02e00220 0a001e00 0000000a 00000019 0000002c 07800280 07800280 00000009
122  00000448 00000005 0000000e 00000000 0000b002 01700110 01700110 02e00220 0a001e00 0000000b 00000019 0000002c 07800280 07800280 00000071
123  00000465 00000006 0000000e 00000000 00000000 01700110 01700110 02e00220 0a001e00 0000000b 00000019 0000002c 07800280 07800280 000002d0
124  00000465 00000006 0000000e 0000c004 00000000 01700110 01700110 02e00220 0a001e00 0000000b 00000019 0000002c 07800280 07800280 000000fb
125  00000465 00000005 0000000e 00000000 00000000 01700110 01700110 02e00220 0a001e00 0000000b 00000019 00000030 07800280 07800280 000002c7
126  00000465 00000005 0000000e 00000000 0000b002 01700110 01700110 02e00220 0a001e00 0000000c 00000019 00000030 07800280 07800280 0000003d
127  00000465 00000005 0000000e 0000c004 00000000 01700110 01700110 02e00220 0a001e00 0000000c 00000019 00000030 07800280 07800280 0000025a
128  00000481 00000006 0000000e 00000000 00000000 01700110 01700110 02e00220 0a001e00 0000000c 00000019 00000030 07800280 07800280 0000008c
129  00000481 00000006 0000000e 0000c004 00000000 01700110 01700110 02e00220 0a001e00 0000000c 00000019 00000030 07800280 07800280 00000353
130  00000481 00000005 0000000e 00000000 00000000 01700110 01700110 02e00220 0a001e00 0000000c 00000019 00000034 07800280 07800280 0000008c
131  00000481 00000005 0000000e 00000000 0000b002 01700110 01700110 02e00220 0a001e00 0000000d 00000019 00000034 07800280 07800280 00000075
132  0000049d 00000006 0000000e 00000000 00000000 01700110 01700110 02e00220 0a001e00 0000000d 00000019 00000034 07800280 07800280 0000028d
133  0000049d 00000006 0000000e 0000c004 00000000 01700110 01700110 02e00220 0a001e00 0000000d 00000019 00000034 07800280 07800280 00000109
134  0000049d 00000005 0000000e 00000000 00000000 01700110 01700110 02e00220 0a001e00 0000000d 00000019 00000038 07800280 07800280 000002fb
135  0000049d 00000005 0000000e 00000000 0000b002 01700110 01700110 02e00220 0a001e00 0000000e 00000019 00000038 07800280 07800280 00000074
136  0000049d 00000005 0000000e 0000c004 00000000 01700110 01700110 02e00220 0a001e00 0000000e 00000019 00000038 07800280 07800280 00000158
137  000004b9 00000006 0000000e 00000000 00000000 01700110 01700110 02e00220 0a001e00 0000000e 00000019 00000038 07800280 07800280 0000011b
138  000004b9 00000006 0000000e 0000c004 00000000 01700110 01700110 02e00220 0a001e00 0000000e 00000019 00000038 07800280 07800280 00000392
139  000004b9 00000005 0000000e 00000000 00000000 01700110 01700110 02e00220 0a001e00 0000000e 00000019 0000003c 07800280 07800280 0000008d
140  000004b9 00000005 0000000e 00000000 0000b002 01700110 01700110 02e00220 0a001e00 0000000f 00000019 0000003c 07800280 07800280 00000078
141  000004d5 00000006 0000000e 00000000 00000000 01700110 01700110 02e00220 0a001e00 0000000f 00000019 0000003c 07960280 07960280 00000268
142  000004d5 00000006 0000000e 0000c004 00000000 01700110 01700110 02e00220 0a001e00 0000000f 00000019 0000003c 07960280 07960280 000000e3
143  000004d5 00000005 0000000e 00000000 00000000 01700110 01700110 02e00220 0a001e00 0000000f 00000019 00000040 07960280 07960280 00000341
144  000004d5 00000005 0000000e 00000000 0000b002 01700110 01700110 02e00220 0a001e00 00000010 00000019 00000040 07960280 07960280 00000074
145  000004d5 00000005 0000000e 0000c004 00000000 01700110 01700110 02e00220 0a001e00 00000010 00000019 00000040 07960280 07960280 000000e3
146  000004d5 00000005 0000000e 00000000 00000000 01700110 01700110 02e00220 0a001e00 00000010 00000019 00000040 07960280 07960280 00000358
147  000004d5 00000005 0000000e 0000c004 00000000 01700110 01700110 02e00220 0a001e00 00000010 00000019 00000040 07960280 07960280 000001a1
148  000004d5 00000004 0000000e 00000000 00000000 01700110 01700110 02e00220 0a001e00 00000010 00000019 00000044 07960280 07960280 000000b5
149  000004d5 00000004 0000000e 00000000 0000b002 01700110 01700110 02e00220 0a001e00 00000011 00000019 00000044 07960280 07960280 000000c8
150  000004d5 00000004 0000000e 0000c004 00000000 01700110 01700110 02e00220 0a001e00 00000011 00000019 00000044 07960280 07960280 000002d4
151  000004d5 00000004 0000000e 00000000 00000000 01700110 01700110 02e00220 0a001e00 00000011 00000019 00000044 07960280 07960280 00000360
152  000004d5 00000003 0000000e 00000000 00000000 01700110 01700110 02e00220 0a001e00 00000011 00000019 00000048 07960280 07960280 00000009
153  000004f1 00000004 0000000e 00000000 0000b002 01700110 01700110 02e00220 0a001e00 00000012 00000019 00000048 07960280 07960280 000000bc
154  000004f1 00000004 0000000e 0000c004 00000000 01700110 01700110 02e00220 0a001e00 00000012 00000019 00000048 07960280 07960280 0000008a
155  000004f1 00000004 0000000e 00000000 00000000 01700110 01700110 02e00220 0a001e00 00000012 00000019 00000048 07960280 07960280 0000036e
156  0000050d 00000005 0000000e 0000c004 00000000 01700110 01700110 02e00220 0a001e00 00000012 00000019 00000048 07960280 07960280 00000180
157  0000050d 00000004 0000000e 00000000 00000000 01700110 01700110 02e00220 0a001e00 00000012 00000019 0000004c 07960280 07960280 000000d3
158  0000050d 00000004 0000000e 00000000 0000b002 01700110 01700110 02e00220 0a001e00 00000013 00000019 0000004c 07960280 07960280 0000003f
159  0000050d 00000004 0000000e 0000c004 00000000 01700110 01700110 02e00220 0a001e00 00000013 00000019 0000004c 07960280 07960280 000002fe
160  00000529 00000005 0000000e 00000000 00000000 01700110 01700110 02e00220 0a001e00 00000013 00000019 0000004c 07960280 07960280 000002a7
161  00000529 00000004 0000000e 00000000 00000000 01700110 01700110 02e00220 0a001e00 00000013 00000019 00000050 07960280 07960280 0000014e
162  00000529 00000004 0000000e 00000000 0000b002 01700110 01700110 02e00220 0a001e00 00000014 00000019 00000050 07960280 07960280 00000046
163  00000529 00000004 0000000e 0000c004 00000000 01700110 01700110 02e00220 0a001e00 00000014 00000019 00000050 07960280 07960280 0000005c
164  00000529 00000004 0000000e 00000000 00000000 01700110 01700110 02e00220 0a001e00 00000014 00000019 00000050 07960280 07960280 00000354
165  00000529 00000004 0000000e 0000c004 00000000 01700110 01700110 02e00220 0a001e00 00000014 00000019 00000050 07960280 07960280 00000103
166  00000546 00000005 0000000e 00000000 00000000 01700110 01700110 02e00220 0a001e00 00000014 00000019 00000050 07960280 07960280 000000c8
167  00000546 00000005 0000000e 00000000 00000000 01700110 01700110 02e00220 0a001e00 00000014 00000019 00000054 07960280 07960280 000000c5
168  00000546 00000004 0000000e 00000000 00000000 01700110 01700110 02e00220 0a001e00 00000014 00000019 00000054 07960280 07960280 00000063
169  00000546 00000004 0000000e 00000000 0000b002 01700110 01700110 02e00220 0a001e00 00000015 00000019 00000054 07960280 07960280 0000002e
170  00000546 00000004 0000000e 0000c004 00000000 01700110 01700110 02e00220 0a001e00 00000015 00000019 00000054 07960280 07960280 000002b9
171  00000562 00000005 0000000e 00000000 00000000 01700110 01700110 02e00220 0a001e00 00000015 00000019 00000054 07960280 07960280 00000274
172  00000562 00000004 0000000e 00000000 00000000 01700110 01700110 02e00220 0a001e00 00000015 00000019 00000000 07960280 07960280 000001be
173  00000562 00000004 0000000e 00000000 0000b002 01700110 01700110 02e00220 0a001e00 00000000 00000019 00000000 07960280 07960280 0000004f
174  00000562 00000004 0000000e 0000c004 00000000 01700110 01700110 02e00220 0a001e00 00000000 00000019 00000000 07960280 07960280 00000019
175  0000057e 00000005 0000000e 00000000 00000000 01700110 01700110 02e00220 0a001e00 00000000 00000019 00000000 07960280 07960280 000002f5
176  0000057e 00000005 0000000e 0000c004 00000000 01700110 01700110 02e00220 0a001e00 00000000 00000019 00000000 07960280 07960280 000001e4
177  0000057e 00000004 0000000e 00000000 00000000 01700110 01700110 02e00220 0a001e00 00000000 00000019 00000004 07960280 07960280 000001a1
178  0000057e 00000004 0000000e 00000000 0000b002 01700110 01700110 02e00220 0a001e00 00000001 00000019 00000004 07960280 07960280 0000003e
179  0000057e 00000004 0000000e 0000c004 00000000 01700110 01700110 02e00220 0a001e00 00000001 00000019 00000004 07960280 07960280 000002a6
180  0000057e 00000004 0000000e 00000000 00000000 01700110 01700110 02e00220 0a001e00 00000001 00000019 00000004 07960280 07960280 00000353
181  0000057e 00000003 0000000e 00000000 00000000 01700110 01700110 02e00220 0a001e00 00000001 00000019 00000008 07960280 07960280 000000d2
182  0000057e 00000003 0000000e 0000c004 0000b00e 01700110 01700110 02e00220 0a001e16 00000002 00000019 00000008 07960280 07960280 00000093
183  0000059a 00000003 0000000e 00000000 00000000 01700110 01700110 02e00220 0a001e16 00000002 00000019 00000008 07960280 07960280 00000098
184  0000059a 00000004 0000000e 00000000 00000000 01700110 01700110 02e00220 0a001e16 00000002 00000019 00000008 07960280 07960280 00000071
185  0000059a 00000004 0000000e 0000c004 00000000 01700110 01700110 02e00220 0a001e16 00000002 00000019 00000008 07960280 07960280 0000038d
186  0000059a 00000003 0000000e 00000000 00000000 01700110 01700110 02e00220 0a001e16 00000002 00000019 0000000c 07960280 07960280 000001d7
187  0000059a 00000003 0000000e 00000000 0000b002 01700110 01700110 02e00220 0a001e16 00000003 00000019 0000000c 07960280 07960280 00000078
188  000005b6 00000004 0000000e 00000000 00000000 01700110 01700110 02e00220 0a001e16 00000003 00000019 0000000c 07960280 07960280 00000100
189  000005b6 00000004 0000000e 0000c004 00000000 01700110 01700110 02e00220 0a001e16 00000003 00000019 0000000c 07960280 07960280 00000093
190  000005b6 00000004 0000000e 00000000 00000000 01700110 01700110 02e00220 0a001e16 00000003 00000019 0000000c 07960280 07960280 00000358
191  000005b6 00000003 0000000e 00000000 00000000 01700110 01700110 02e00220 0a001e16 00000003 00000019 00000010 07960280 07960280 000001a5
192  000005b6 00000003 0000000e 00000000 0000b002 01700110 01700110 02e00220 0a001e16 00000004 00000019 00000010 07960280 07960280 00000070
193  000005d2 00000004 0000000e 00000000 00000000 01700110 01700110 02e00220 0a001e16 00000004 00000019 00000010 07960280 07960280 000000e0
194  000005d2 00000004 0000000e 0000c004 00000000 01700110 01700110 02e00220 0a001e16 00000004 00000019 00000010 07960280 07960280 000003b1
195  000005d2 00000003 0000000e 00000000 00000000 01700110 01700110 02e00220 0a001e16 00000004 00000019 00000014 07960280 07960280 00000201
196  000005d2 00000003 0000000e 00000000 0000b002 01700110 01700110 02e00220 0a001e16 00000005 00000019 00000014 07960280 07960280 00000075
197  000005ee 00000004 0000000e 0000c004 00000000 01700110 01700110 02e00220 0a001e16 00000005 00000019 00000014 07960280 07960280 000002a2
198  000005ee 00000004 0000000e 00000000 00000000 01700110 01700110 02e00220 0a001e16 00000005 00000019 00000014 07960280 07960280 00000358
199  000005ee 00000004 0000000e 0000c004 00000000 01700110 01700110 02e00220 0a001e16 00000005 00000019 00000018 07960280 07960280 00000057
200  000005ee 00000003 0000000e 00000000 00000000 01700110 01700110 02e00220 0a001e16 00000005 00000019 00000018 07960280 07960280 00000059
201  000005ee 00000003 0000000e 00000000 0000b002 01700110 01700110 02e00220 0a001e16 00000006 00000019 00000018 07960280 07960280 00000026
202  000005ee 00000003 0000000e 00000000 00000000 01700110 01700110 02e00220 0a001e16 00000006 00000019 00000018 07960280 07960280 00000356
203  000005ee 00000003 0000000e 0000c004 00000000 01700110 01700110 02e00220 0a001e16 00000006 00000019 00000018 07960280 07960280 000000c1
204  0000060a 00000004 0000000e 00000000 00000000 01700110 01700110 02e00220 0a001e16 00000006 00000019 00000018 07960280 07960280 000001eb
205  0000060a 00000003 0000000e 00000000 00000000 01700110 01700110 02e00220 0a001e16 00000006 00000019 0000001c 07960280 07960280 000000c7
206  0000060a 00000003 0000000e 00000000 0000b002 01700110 01700110 02e00220 0a001e16 00000007 00000019 0000001c 07960280 07960280 00000072
207  0000060a 00000003 0000000e 0000c004 00000000 01700110 01700110 02e00220 0a001e16 00000007 00000019 0000001c 07960280 07960280 0000027f
208  00000627 00000004 0000000e 00000000 00000000 01700110 01700110 02e00220 0a001e16 00000007 00000019 0000001c 07960280 07960280 0000033e
209  00000627 00000004 0000000e 0000c004 00000000 01700110 01700110 02e00220 0a001e16 00000007 00000019 0000001c 07960280 07960280 00000080
210  00000627 00000004 0000000e 00000000 00000000 01700110 01700110 02e00220 0a001e16 00000007 00000019 00000020 07960280 07960280 00000019
211  00000627 00000003 0000000e 00000000 00000000 01700110 01700110 02e00220 0a001e16 00000007 00000019 00000020 07960280 07960280 00000048
212  00000627 00000003 0000000e 00000000 0000b002 01700110 01700110 02e00220 0a001e16 00000008 00000019 00000020 07960280 07960280 00000031
213  00000627 00000003 0000000e 00000000 00000000 01700110 01700110 02e00220 0a001e16 00000008 00000019 00000020 07960280 07960280 00000353
214  00000627 00000003 0000000e 0000c004 00000000 01700110 01700110 02e00220 0a001e16 00000008 00000019 00000020 07960280 07960280 00000082
215  00000627 00000002 0000000e 00000000 00000000 01700110 01700110 02e00220 0a001e16 00000008 00000019 00000024 07960280 07960280 000002f7
216  00000627 00000002 0000000e 00000000 0000b002 01700110 01700110 02e00220 0a001e16 00000009 00000019 00000024 07960280 07960280 0000003a
217  00000627 00000002 0000000e 0000c004 00000000 01700110 01700110 02e00220 0a001e16 00000009 00000019 00000024 07960280 07960280 00000195
218  00000643 00000003 0000000e 00000000 00000000 01700110 01700110 02e00220 0a001e16 00000009 00000019 00000024 07960280 07960280 00000243
219  00000643 00000003 0000000e 0000c004 00000000 01700110 01700110 02e00220 0a001e16 00000009 00000019 00000024 07960280 07960280 00000257
220  00000643 00000002 0000000e 00000000 00000000 01700110 01700110 02e00220 0a001e16 00000009 00000019 00000028 07960280 07960280 0000009f
221  00000643 00000002 0000000e 00000000 0000b002 01700110 01700110 02e00220 0a001e16 0000000a 00000019 00000028 07960280 07960280 0000008c
222  0000065f 00000003 0000000e 00000000 00000000 01700110 01700110 02e00220 0a001e16 0000000a 00000019 00000028 07960280 07960280 00000338
223  0000065f 00000002 0000000e 00000000 0000b002 01700110 01700110 02e00220 0a001e16 0000000b 00000019 0000002c 07960280 07960280 000003bf
224  0000065f 00000002 0000000e 0000c004 00000000 01700110 01700110 02e00220 0a001e16 0000000b 00000019 0000002c 07960280 07960280 00000109
225  0000065f 00000002 0000000e 00000000 00000000 01700110 01700110 02e00220 0a001e16 0000000b 00000019 0000002c 07960280 07960280 00000358
226  0000067b 00000003 0000000e 00000000 00000000 01700110 01700110 02e00220 0a001e16 0000000b 00000019 0000002c 07960280 07960280 000000c7
227  0000067b 00000003 0000000e 0000c004 00000000 01700110 01700110 02e00220 0a001e16 0000000b 00000019 0000002c 07960280 07960280 000000a3
228  0000067b 00000002 0000000e 00000000 00000000 01700110 01700110 02e00220 0a001e16 0000000b 00000019 00000030 07960280 07960280 000000e7
229  0000067b 00000002 0000000e 00000000 0000b002 01700110 01700110 02e00220 0a001e16 0000000c 00000019 00000030 07960280 07960280 00000045
230  0000067b 00000002 0000000e 0000c004 00000000 01700110 01700110 02e00220 0a001e16 0000000c 00000019 00000030 07960280 07960280 00000329
231  00000697 00000003 0000000e 00000000 00000000 01700110 01700110 02e00220 0a001e16 0000000c 00000019 00000030 07960280 07960280 000001d6
232  00000697 00000002 0000000e 00000000 00000000 01700110 01700110 02e00220 0a001e16 0000000c 00000019 00000034 07960280 07960280 0000019f
233  00000697 00000002 0000000e 00000000 0000b002 01700110 01700110 02e00220 0a001e16 0000000d 00000019 00000034 07960280 07960280 00000067
234  00000697 00000002 0000000e 0000c004 00000000 01700110 01700110 02e00220 0a001e16 0000000d 00000019 00000034 07960280 07960280 000000a7
235  00000697 00000002 0000000e 00000000 00000000 01700110 01700110 02e00220 0a001e16 0000000d 00000019 00000034 07960280 07960280 0000035a
236  000006b3 00000003 0000000e 00000000 00000000 01700110 01700110 02e00220 0a001e16 0000000d 00000019 00000034 07960280 07960280 0000010b
237  000006b3 00000003 0000000e 00000000 00000000 01700110 01700110 02e00220 0a001e16 0000000d 00000019 00000038 07960280 07960280 00000159
238  000006b3 00000002 0000000e 00000000 00000000 01700110 01700110 02e00220 0a001e16 0000000d 00000019 00000038 07960280 07960280 0000003f
239  000006b3 00000002 0000000e 00000000 0000b002 01700110 01700110 02e00220 0a001e16 0000000e 00000019 00000038 07960280 07960280 0000005d
240  000006cf 00000003 0000000e 00000000 00000000 01700110 01700110 02e00220 0a001e16 0000000e 00000019 00000038 07960280 07960280 0000014b
241  000006cf 00000003 0000000e 0000c004 00000000 01700110 01700110 02e00220 0a001e16 0000000e 00000019 00000038 07960280 07960280 000001c4
242  000006cf 00000003 0000000e 00000000 00000000 01700110 01700110 02e00220 0a001e16 0000000e 00000019 00000038 07960280 07960280 00000357
243  000006cf 00000002 0000000e 00000000 00000000 01700110 01700110 02e00220 0a001e16 0000000e 00000019 0000003c 07960280 07960280 0000003f
244  000006cf 00000002 0000000e 00000000 0000b002 01700110 01700110 02e00220 0a001e16 0000000f 00000019 0000003c 07960280 07960280 00000064
245  000006cf 00000002 0000000e 0000c004 00000000 01700110 01700110 02e00220 0a001e16 0000000f 00000019 0000003c 07960280 07960280 00000063
246  000006cf 00000002 0000000e 00000000 00000000 01700110 01700110 02e00220 0a001e16 0000000f 00000019 0000003c 07960280 07960280 0000035a
247  000006eb 00000003 0000000e 00000000 00000000 01700110 01700110 02e00220 0a001e16 0000000f 00000019 0000003c 07960280 07960280 00000101
248  000006eb 00000003 0000000e 0000c004 00000000 01700110 01700110 02e00220 0a001e16 0000000f 00000019 0000003c 07960280 07960280 0000003d
249  000006eb 00000002 0000000e 00000000 00000000 01700110 01700110 02e00220 0a001e16 0000000f 00000019 00000040 07960280 07960280 000001a1
250  000006eb 00000002 0000000e 00000000 0000b002 01700110 01700110 02e00220 0a001e16 00000010 00000019 00000040 07960280 07960280 00000065
251  000006eb 00000002 0000000e 0000c004 00000000 01700110 01700110 02e00220 0a001e16 00000010 00000019 00000040 07960280 07960280 00000306
252  00000708 00000003 0000000e 00000000 00000000 01700110 01700110 02e00220 0a001e16 00000010 00000019 00000040 07960280 07960280 0000032f
253  00000708 00000003 0000000e 00000000 00000000 01700110 01700110 02e00220 0a001e16 00000010 00000019 00000044 07960280 07960280 0000003d
254  00000708 00000002 0000000e 00000000 00000000 01700110 01700110 02e00220 0a001e16 00000010 00000019 00000044 07960280 07960280 0000003a
255  00000708 00000002 0000000e 00000000 0000b002 01700110 01700110 02e00220 0a001e16 00000011 00000019 00000044 07960280 07960280 00000059
256  00000708 00000002 0000000e 0000c004 00000000 01700110 01700110 02e00220 0a001e16 00000011 00000019 00000044 07960280 07960280 00000022
257  00000724 00000003 0000000e 00000000 00000000 01700110 01700110 02e00220 0a001e16 00000011 00000019 00000044 07960280 07960280 00000280
258  00000724 00000003 0000000e 0000c004 00000000 01700110 01700110 02e00220 0a001e16 00000011 00000019 00000044 07960280 07960280 00000249
259  00000724 00000002 0000000e 00000000 00000000 01700110 01700110 02e00220 0a001e16 00000011 00000019 00000048 07960280 07960280 000001b9
260  00000724 00000002 0000000e 00000000 0000b002 01700110 01700110 02e00220 0a001e16 00000012 00000019 00000048 07960280 07960280 00000062
261  00000740 00000003 0000000e 0000c004 00000000 01700110 01700110 02e00220 0a001e16 00000012 00000019 00000048 07960280 07960280 000002d1
262  0000075c 00000004 0000000e 00000000 00000000 01700110 01700110 02e00220 0a001e16 00000012 00000019 00000048 07960280 07960280 00000328
263  0000075c 00000003 0000000e 00000000 00000000 01700110 01700110 02e00220 0a001e16 00000012 00000019 0000004c 07960280 07960280 000000af
264  0000075c 00000003 0000000e 0000c004 0000b002 01700110 01700110 02e00220 0a001e16 00000013 00000019 0000004c 07960280 07960280 0000007e
265  0000075c 00000003 0000000e 00000000 00000000 01700110 01700110 02e00220 0a001e16 00000013 00000019 0000004c 07960280 07960280 00000353
266  0000075c 00000003 0000000e 0000c004 00000000 01700110 01700110 02e00220 0a001e16 00000013 00000019 0000004c 07960280 07960280 000000ac
267  00000778 00000004 0000000e 00000000 00000000 01700110 01700110 02e00220 0a001e16 00000013 00000019 0000004c 07d50280 07d50280 000001bb
268  00000778 00000003 0000000e 00000000 00000000 01700110 01700110 02e00220 0a001e16 00000013 00000019 00000050 07d50280 07d50280 000000cb
269  00000778 00000003 0000000e 00000000 0000b002 01700110 01700110 02e00220 0a001e16 00000014 00000019 00000050 07d50280 07d50280 0000002b
270  00000778 00000003 0000000e 0000c004 00000000 01700110 01700110 02e00220 0a001e16 00000014 00000019 00000050 07d50280 07d50280 000002cf
271  00000778 00000003 0000000e 00000000 00000000 01700110 01700110 02e00220 0a001e16 00000014 00000019 00000050 07d50280 07d50280 0000035b
272  00000778 00000002 0000000e 0000c004 00000000 01700110 01700110 02e00220 0a001e16 00000014 00000019 00000054 07d50280 07d50280 000000c4
273  00000778 00000002 0000000e 00000000 0000b002 01700110 01700110 02e00220 0a001e16 00000015 00000019 00000054 07d50280 07d50280 000000ba
274  00000794 00000003 0000000e 00000000 00000000 01700110 01700110 02e00220 0a001e16 00000015 00000019 00000054 07d50280 07d50280 00000366
275  00000794 00000003 0000000e 0000c004 00000000 01700110 01700110 02e00220 0a001e16 00000015 00000019 00000054 07d50280 07d50280 00000052
276  000007b0 00000004 0000000e 00000000 00000000 01700110 01700110 02e00220 0a001e16 00000015 00000019 00000054 07d50280 07d50280 00000192
277  000007b0 00000003 0000000e 00000000 00000000 01700110 01700110 02e00220 0a001e16 00000015 00000019 00000058 07d50280 07d50280 000000f4
278  000007b0 00000003 0000000e 00000000 0000b002 01700110 01700110 02e00220 0a001e16 00000016 00000019 00000058 07d50280 07d50280 000000b1
279  000007b0 00000003 0000000e 0000c004 00000000 01700110 01700110 02e00220 0a001e16 00000016 00000019 00000058 07d50280 07d50280 00000212
280  000007cc 00000004 0000000e 00000000 00000000 01700110 01700110 02e00220 0a001e16 00000016 00000019 00000058 07d50280 07d50280 00000146
281  000007cc 00000003 0000000e 0000c004 00000000 01700110 01700110 02e00220 0a001e16 00000016 00000019 0000005c 07d50280 07d50280 000002f2
282  000007cc 00000003 0000000e 00000000 0000b002 01700110 01700110 02e00220 0a001e16 00000017 00000019 0000005c 07d50280 07d50280 0000006e
283  000007e9 00000004 0000000e 00000000 00000000 01700110 01700110 02e00220 0a001e16 00000017 00000019 0000005c 07d50280 07d50280 00000368
284  000007e9 00000004 0000000e 0000c004 00000000 01700110 01700110 02e00220 0a001e16 00000017 00000019 0000005c 07d50280 07d50280 0000007c
285  00000805 00000005 0000000e 00000000 00000000 01700110 01700110 02e00220 0a001e16 00000017 00000019 0000005c 07d50280 07d50280 0000019a
286  00000805 00000004 0000000e 00000000 0000b002 01700110 01700110 02e00220 0a001e16 00000000 00000019 00000000 07d50280 07d50280 00000179
287  00000805 00000004 0000000e 0000c004 00000000 01700110 01700110 02e00220 0a001e16 00000000 00000019 00000000 07d50280 07d50280 00000185
288  00000821 00000005 0000000e 00000000 00000000 01700110 01700110 02e00220 0a001e16 00000000 00000019 00000000 07d50280 07d50280 000003de
289  00000821 00000005 0000000e 0000c004 00000000 01700110 01700110 02e00220 0a001e16 00000000 00000019 00000000 07d50280 07d50280 000000e9
290  00000821 00000004 0000000e 00000000 00000000 01700110 01700110 02e00220 0a001e16 00000000 00000019 00000004 07d50280 07d50280 0000006e
291  00000821 00000004 0000000e 00000000 0000b002 01700110 01700110 02e00220 0a001e16 00000001 00000019 00000004 07d50280 07d50280 0000004e
292  00000821 00000004 0000000e 00000000 00000000 01700110 01700110 02e00220 0a001e16 00000001 00000019 00000004 07d50280 07d50280 00000359
293  00000821 00000004 0000000e 0000c004 00000000 01700110 01700110 02e00220 0a001e16 00000001 00000019 00000004 07d50280 07d50280 00000051
294  00000821 00000003 0000000e 00000000 00000000 01700110 01700110 02e00220 0a001e16 00000001 00000019 00000008 07d50280 07d50280 0000030a
295  00000821 00000003 0000000e 00000000 0000b00e 01700110 01700110 02e00220 0a001f15 00000002 00000019 00000008 07d50280 07d50280 00000056
296  0000083d 00000004 0000000e 0000c004 00000000 01700110 01700110 02e00220 0a001f15 00000002 00000019 00000008 07d50280 07d50280 00000191
297  0000083d 00000004 0000000e 00000000 00000000 01700110 01700110 02e00220 0a001f15 00000002 00000019 00000008 07d50280 07d50280 00000357
298  0000083d 00000004 0000000e 0000c004 00000000 01700110 01700110 02e00220 0a001f15 00000002 00000019 00000008 07d50280 07d50280 0000011a
299  0000083d 00000003 0000000e 00000000 00000000 01700110 01700110 02e00220 0a001f15 00000002 00000019 0000000c 07d50280 07d50280 000000b2
300  0000083d 00000003 0000000e 00000000 0000b002 01700110 01700110 02e00220 0a001f15 00000003 00000019 0000000c 07d50280 07d50280 0000004e
301  00000859 00000004 0000000e 00000000 00000000 01700110 01700110 02e00220 0a001f15 00000003 00000019 0000000c 07d50280 07d50280 00000151
302  00000859 00000004 0000000e 0000c004 00000000 01700110 01700110 02e00220 0a001f15 00000003 00000019 0000000c 07d50280 07d50280 00000216
303  00000859 00000003 0000000e 00000000 00000000 01700110 01700110 02e00220 0a001f15 00000003 00000019 00000010 07d50280 07d50280 00000351
304  00000859 00000003 0000000e 00000000 0000b002 01700110 01700110 02e00220 0a001f15 00000004 00000019 00000010 07d50280 07d50280 00000018
305  00000859 00000003 0000000e 0000c004 00000000 01700110 01700110 02e00220 0a001f15 00000004 00000019 00000010 07d50280 07d50280 00000102
306  00000875 00000004 0000000e 00000000 00000000 01700110 01700110 02e00220 0a001f15 00000004 00000019 00000010 07d50280 07d50280 00000090
307  00000875 00000004 0000000e 0000c004 00000000 01700110 01700110 02e00220 0a001f15 00000004 00000019 00000010 07d50280 07d50280 00000433
308  00000875 00000003 0000000e 00000000 00000000 01700110 01700110 02e00220 0a001f15 00000004 00000019 00000014 07d50280 07d50280 00000100
309  00000875 00000003 0000000e 00000000 0000b002 01700110 01700110 02e00220 0a001f15 00000005 00000019 00000014 07d50280 07d50280 00000040
310  00000891 00000004 0000000e 00000000 00000000 01700110 01700110 02e00220 0a001f15 00000005 00000019 00000014 07d50280 07d50280 00000301
311  00000891 00000004 0000000e 0000c004 00000000 01700110 01700110 02e00220 0a001f15 00000005 00000019 00000014 07d50280 07d50280 00000057
312  00000891 00000004 0000000e 00000000 00000000 01700110 01700110 02e00220 0a001f15 00000005 00000019 00000014 07d50280 07d50280 00000354
313  00000891 00000003 0000000e 00000000 00000000 01700110 01700110 02e00220 0a001f15 00000005 00000019 00000018 07d50280 07d50280 00000019
314  00000891 00000003 0000000e 00000000 0000b002 01700110 01700110 02e00220 0a001f15 00000006 00000019 00000018 07d50280 07d50280 00000074
315  00000891 00000003 0000000e 0000c004 00000000 01700110 01700110 02e00220 0a001f15 00000006 00000019 00000018 07d50280 07d50280 00000084
316  000008ad 00000004 0000000e 00000000 00000000 01700110 01700110 02e00220 0a001f15 00000006 00000019 00000018 07d50280 07d50280 0000022d
317  000008ad 00000004 0000000e 0000c004 00000000 01700110 01700110 02e00220 0a001f15 00000006 00000019 00000018 07d50280 07d50280 000002d5
318  000008ad 00000004 0000000e 00000000 00000000 01700110 01700110 02e00220 0a001f15 00000006 00000019 0000001c 07d50280 07d50280 00000109
319  000008ad 00000003 0000000e 00000000 00000000 01700110 01700110 02e00220 0a001f15 00000006 00000019 0000001c 07d50280 07d50280 0000000a
320  000008ad 00000003 0000000e 00000000 0000b002 01700110 01700110 02e00220 0a001f15 00000007 00000019 0000001c 07d50280 07d50280 00000039
321  000008ca 00000004 0000000e 00000000 00000000 01700110 01700110 02e00220 0a001f15 00000007 00000019 0000001c 07d50280 07d50280 000002d2
322  000008ca 00000004 0000000e 0000c004 00000000 01700110 01700110 02e00220 0a001f15 00000007 00000019 0000001c 07d50280 07d50280 00000067
323  000008ca 00000004 0000000e 00000000 00000000 01700110 01700110 02e00220 0a001f15 00000007 00000019 0000001c 07d50280 07d50280 00000355
324  000008ca 00000003 0000000e 00000000 00000000 01700110 01700110 02e00220 0a001f15 00000007 00000019 00000020 07d50280 07d50280 00000037
325  000008ca 00000003 0000000e 00000000 0000b002 01700110 01700110 02e00220 0a001f15 00000008 00000019 00000020 07d50280 07d50280 00000075
326  000008ca 00000003 0000000e 0000c004 00000000 01700110 01700110 02e00220 0a001f15 00000008 00000019 00000020 07d50280 07d50280 000000d0
327  000008ca 00000003 0000000e 00000000 00000000 01700110 01700110 02e00220 0a001f15 00000008 00000019 00000020 07d50280 07d50280 00000355
328  000008ca 00000003 0000000e 0000c004 00000000 01700110 01700110 02e00220 0a001f15 00000008 00000019 00000020 07d50280 07d50280 0000014d
329  000008e6 00000004 0000000e 00000000 00000000 01700110 01700110 02e00220 0a001f15 00000008 00000019 00000020 07d50280 07d50280 00000079
330  000008e6 00000003 0000000e 00000000 00000000 01700110 01700110 02e00220 0a001f15 00000008 00000019 00000024 07d50280 07d50280 000000a4
331  000008e6 00000003 0000000e 00000000 0000b002 01700110 01700110 02e00220 0a001f15 00000009 00000019 00000024 07d50280 07d50280 00000075
332  000008e6 00000003 0000000e 0000c004 00000000 01700110 01700110 02e00220 0a001f15 00000009 00000019 00000024 07d50280 07d50280 000002c9
333  00000902 00000004 0000000e 00000000 00000000 01700110 01700110 02e00220 0a001f15 00000009 00000019 00000024 07d50280 07d50280 00000137
334  00000902 00000003 0000000e 00000000 00000000 01700110 01700110 02e00220 0a001f15 00000009 00000019 00000028 07d50280 07d50280 00000292
335  00000902 00000003 0000000e 0000c004 0000b002 01700110 01700110 02e00220 0a001f15 0000000a 00000019 00000028 07d50280 07d50280 00000078
336  0000091e 00000004 0000000e 00000000 00000000 01700110 01700110 02e00220 0a001f15 0000000a 00000019 00000028 07d50280 07d50280 0000009c
337  0000091e 00000004 0000000e 0000c004 00000000 01700110 01700110 02e00220 0a001f15 0000000a 00000019 00000028 07d50280 07d50280 00000454
338  0000091e 00000003 0000000e 00000000 00000000 01700110 01700110 02e00220 0a001f15 0000000a 00000019 0000002c 07d50280 07d50280 0000019c
339  0000091e 00000003 0000000e 00000000 0000b002 01700110 01700110 02e00220 0a001f15 0000000b 00000019 0000002c 07d50280 07d50280 00000096
340  0000091e 00000003 0000000e 0000c004 00000000 01700110 01700110 02e00220 0a001f15 0000000b 00000019 0000002c 07d50280 07d50280 0000027a
341  0000093a 00000004 0000000e 00000000 00000000 01700110 01700110 02e00220 0a001f15 0000000b 00000019 0000002c 07d50280 07d50280 00000316
342  0000093a 00000003 0000000e 00000000 00000000 01700110 01700110 02e00220 0a001f15 0000000b 00000019 00000030 07d50280 07d50280 000000e0
343  0000093a 00000003 0000000e 0000c004 0000b002 01700110 01700110 02e00220 0a001f15 0000000c 00000019 00000030 07d50280 07d50280 00000014
344  0000093a 00000003 0000000e 00000000 00000000 01700110 01700110 02e00220 0a001f15 0000000c 00000019 00000030 07d50280 07d50280 00000357
345  00000956 00000004 0000000e 00000000 00000000 01700110 01700110 02e00220 0a001f15 0000000c 00000019 00000030 07d50280 07d50280 00000090
346  00000956 00000004 0000000e 0000c004 00000000 01700110 01700110 02e00220 0a001f15 0000000c 00000019 00000030 07d50280 07d50280 00000140
347  00000956 00000004 0000000e 00000000 00000000 01700110 01700110 02e00220 0a001f15 0000000c 00000019 00000034 07d50280 07d50280 000001c8
348  00000956 00000003 0000000e 00000000 00000000 01700110 01700110 02e00220 0a001f15 0000000c 00000019 00000034 07d50280 07d50280 0000000a
349  00000956 00000003 0000000e 00000000 0000b002 01700110 01700110 02e00220 0a001f15 0000000d 00000019 00000034 07d50280 07d50280 00000082
350  00000956 00000003 0000000e 0000c004 00000000 01700110 01700110 02e00220 0a001f15 0000000d 00000019 00000034 07d50280 07d50280 00000262
351  00000972 00000004 0000000e 00000000 00000000 01700110 01700110 02e00220 0a001f15 0000000d 00000019 00000034 07d50280 07d50280 000000d1
352  00000972 00000003 0000000e 00000000 00000000 01700110 01700110 02e00220 0a001f15 0000000d 00000019 00000038 07d50280 07d50280 0000034e
353  00000972 00000003 0000000e 0000c004 0000b002 01700110 01700110 02e00220 0a001f15 0000000e 00000019 00000038 07d50280 07d50280 0000008a
354  0000098e 00000004 0000000e 00000000 00000000 01700110 01700110 02e00220 0a001f15 0000000e 00000019 00000038 07d50280 07d50280 00000310
355  0000098e 00000004 0000000e 0000c004 00000000 01700110 01700110 02e00220 0a001f15 0000000e 00000019 00000038 07d50280 07d50280 000001e9
356  0000098e 00000003 0000000e 00000000 00000000 01700110 01700110 02e00220 0a001f15 0000000e 00000019 0000003c 07d50280 07d50280 0000017c
357  0000098e 00000003 0000000e 00000000 0000b002 01700110 01700110 02e00220 0a001f15 0000000f 00000019 0000003c 07d50280 07d50280 00000077
358  0000098e 00000003 0000000e 0000c004 00000000 01700110 01700110 02e00220 0a001f15 0000000f 00000019 0000003c 07d50280 07d50280 00000195
359  000009ab 00000004 0000000e 00000000 00000000 01700110 01700110 02e00220 0a001f15 0000000f 00000019 0000003c 07d50280 07d50280 000003d4
360  000009ab 00000004 0000000e 0000c004 00000000 01700110 01700110 02e00220 0a001f15 0000000f 00000019 0000003c 07d50280 07d50280 00000120
361  000009ab 00000003 0000000e 00000000 00000000 01700110 01700110 02e00220 0a001f15 0000000f 00000019 00000040 07d50280 07d50280 00000009
362  000009ab 00000003 0000000e 00000000 0000b002 01700110 01700110 02e00220 0a001f15 00000010 00000019 00000040 07d50280 07d50280 00000078
363  000009c7 00000004 0000000e 00000000 00000000 01700110 01700110 02e00220 0a001f15 00000010 00000019 00000040 07d50280 07d50280 00000304
364  000009c7 00000004 0000000e 0000c004 00000000 01700110 01700110 02e00220 0a001f15 00000010 00000019 00000040 07d50280 07d50280 00000121
365  000009c7 00000004 0000000e 00000000 00000000 01700110 01700110 02e00220 0a001f15 00000010 00000019 00000044 07d50280 07d50280 00000263
366  000009c7 00000003 0000000e 00000000 00000000 01700110 01700110 02e00220 0a001f15 00000010 00000019 00000044 07d50280 07d50280 0000000a
367  000009c7 00000003 0000000e 00000000 0000b002 01700110 01700110 02e00220 0a001f15 00000011 00000019 00000044 07d50280 07d50280 0000007c
368  000009c7 00000003 0000000e 0000c004 00000000 01700110 01700110 02e00220 0a001f15 00000011 00000019 00000044 07d50280 07d50280 0000017a
369  000009e3 00000004 0000000e 00000000 00000000 01700110 01700110 02e00220 0a001f15 00000011 00000019 00000044 07d50280 07d50280 0000016a
370  000009e3 00000004 0000000e 0000c004 00000000 01700110 01700110 02e00220 0a001f15 00000011 00000019 00000044 07d50280 07d50280 0000038f
371  000009e3 00000003 0000000e 00000000 00000000 01700110 01700110 02e00220 0a001f15 00000011 00000019 00000048 07d50280 07d50280 0000000d
372  000009e3 00000003 0000000e 00000000 0000b002 01700110 01700110 02e00220 0a001f15 00000012 00000019 00000048 07d50280 07d50280 00000027
373  000009e3 00000003 0000000e 00000000 00000000 01700110 01700110 02e00220 0a001f15 00000012 00000019 00000048 07d50280 07d50280 00000356
374  000009e3 00000003 0000000e 0000c004 00000000 01700110 01700110 02e00220 0a001f15 00000012 00000019 00000048 07d50280 07d50280 000000dc
375  000009ff 00000004 0000000e 00000000 00000000 01700110 01700110 02e00220 0a001f15 00000012 00000019 00000048 07d50280 07d50280 00000249
376  000009ff 00000003 0000000e 00000000 00000000 01700110 01700110 02e00220 0a001f15 00000012 00000019 0000004c 07d50280 07d50280 00000064
377  000009ff 00000003 0000000e 00000000 0000b002 01700110 01700110 02e00220 0a001f15 00000013 00000019 0000004c 07d50280 07d50280 00000097
378  000009ff 00000003 0000000e 0000c004 00000000 01700110 01700110 02e00220 0a001f15 00000013 00000019 0000004c 07d50280 07d50280 00000125
379  00000a1b 00000004 0000000e 00000000 00000000 01700110 01700110 02e00220 0a001f15 00000013 00000019 0000004c 08140280 08140280 00000175
380  00000a1b 00000004 0000000e 0000c004 00000000 01700110 01700110 02e00220 0a001f15 00000013 00000019 0000004c 08140280 08140280 0000038d
381  00000a1b 00000003 0000000e 00000000 00000000 01700110 01700110 02e00220 0a001f15 00000013 00000019 00000050 08140280 08140280 0000004a
382  00000a1b 00000003 0000000e 00000000 0000b002 01700110 01700110 02e00220 0a001f15 00000014 00000019 00000050 08140280 08140280 00000029
383  00000a1b 00000003 0000000e 00000000 00000000 01700110 01700110 02e00220 0a001f15 00000014 00000019 00000050 08140280 08140280 00000354
384  00000a1b 00000003 0000000e 0000c004 00000000 01700110 01700110 02e00220 0a001f15 00000014 00000019 00000050 08140280 08140280 00000094
385  00000a1b 00000002 0000000e 00000000 00000000 01700110 01700110 02e00220 0a001f15 00000014 00000019 00000054 08140280 08140280 000002f2
386  00000a1b 00000002 0000000e 00000000 0000b002 01700110 01700110 02e00220 0a001f15 00000015 00000019 00000054 08140280 08140280 00000098
387  00000a1b 00000002 0000000e 0000c004 00000000 01700110 01700110 02e00220 0a001f15 00000015 00000019 00000054 08140280 08140280 0000010f
388  00000a1b 00000002 0000000e 00000000 00000000 01700110 01700110 02e00220 0a001f15 00000015 00000019 00000054 08140280 08140280 00000394
389  00000a1b 00000002 0000000e 0000c004 00000000 01700110 01700110 02e00220 0a001f15 00000015 00000019 00000054 08140280 08140280 000000b5
390  00000a37 00000003 0000000e 00000000 00000000 01700110 01700110 02e00220 0a001f15 00000015 00000019 00000054 08140280 08140280 00000096
391  00000a37 00000003 0000000e 00000000 00000000 01700110 01700110 02e00220 0a001f15 00000015 00000019 00000058 08140280 08140280 0000007d
392  00000a37 00000002 0000000e 00000000 00000000 01700110 01700110 02e00220 0a001f15 00000015 00000019 00000058 08140280 08140280 00000009
393  00000a37 00000002 0000000e 00000000 0000b002 01700110 01700110 02e00220 0a001f15 00000016 00000019 00000058 08140280 08140280 00000098
394  00000a37 00000002 0000000e 0000c004 00000000 01700110 01700110 02e00220 0a001f15 00000016 00000019 00000058 08140280 08140280 0000031b
395  00000a53 00000003 0000000e 00000000 00000000 01700110 01700110 02e00220 0a001f15 00000016 00000019 00000058 08140280 08140280 000000c3
396  00000a53 00000002 0000000e 00000000 00000000 01700110 01700110 02e00220 0a001f15 00000016 00000019 0000005c 08140280 08140280 00000289
397  00000a53 00000002 0000000e 00000000 0000b002 01700110 01700110 02e00220 0a001f15 00000016 00000019 0000005c 08140280 08140280 00000033
398  00000a53 00000002 0000000e 00000000 00000000 01700110 01700110 02e00220 0a001f15 00000017 00000019 0000005c 08140280 08140280 00000137
399  00000a6f 00000003 0000000e 00000000 00000000 01700110 01700110 02e00220 0a001f15 00000017 00000019 0000005c 08140280 08140280 000002f0
400  00000a6f 00000003 0000000e 0000c004 00000000 01700110 01700110 02e00220 0a001f15 00000017 00000019 0000005c 08140280 08140280 000001f2
401  00000a6f 00000002 0000000e 00000000 00000000 01700110 01700110 02e00220 0a001f15 00000017 00000019 00000000 08140280 08140280 000000b8
402  00000a6f 00000002 0000000e 00000000 0000b002 01700110 01700110 02e00220 0a001f15 00000000 00000019 00000000 08140280 08140280 000000f5
403  00000a6f 00000002 0000000e 0000c004 00000000 01700110 01700110 02e00220 0a001f15 00000000 00000019 00000000 08140280 08140280 0000028c
404  00000a8c 00000003 0000000e 00000000 00000000 01700110 01700110 02e00220 0a001f15 00000000 00000019 00000000 08140280 08140280 000000ba
405  00000a8c 00000003 0000000e 00000000 00000000 01700110 01700110 02e00220 0a001f15 00000000 00000019 00000004 08140280 08140280 000002c8
406  00000a8c 00000002 0000000e 00000000 00000000 01700110 01700110 02e00220 0a001f15 00000000 00000019 00000004 08140280 08140280 00000009
407  00000a8c 00000002 0000000e 0000c004 0000b002 01700110 01700110 02e00220 0a001f15 00000000 00000019 00000004 08140280 08140280 00000033
408  00000aa8 00000003 0000000e 00000000 00000000 01700110 01700110 02e00220 0a001f15 00000001 00000019 00000004 08140280 08140280 000000fe
409  00000aa8 00000003 0000000e 0000c004 00000000 01700110 01700110 02e00220 0a001f15 00000001 00000019 00000004 08140280 08140280 00000528
410  00000aa8 00000002 0000000e 00000000 00000000 01700110 01700110 02e00220 0a001f15 00000001 00000019 00000008 08140280 08140280 000000a6
411  00000aa8 00000002 0000000e 00000000 0000b00e 01700110 01700110 02e00220 0a002014 00000002 00000019 00000008 08140280 08140280 000000b9
412  00000ac4 00000003 0000000e 00000000 00000000 01700110 01700110 02e00220 0a002014 00000002 00000019 00000008 08140280 08140280 000001bc
413  00000ac4 00000003 0000000e 0000c004 00000000 01700110 01700110 02e00220 0a002014 00000002 00000019 00000008 08140280 08140280 000000d3
414  00000ac4 00000003 0000000e 00000000 00000000 01700110 01700110 02e00220 0a002014 00000002 00000019 00000008 08140280 08140280 00000359
415  00000ac4 00000003 0000000e 00000000 00000000 01700110 01700110 02e00220 0a002014 00000002 00000019 0000000c 08140280 08140280 00000062
416  00000ac4 00000002 0000000e 00000000 00000000 01700110 01700110 02e00220 0a002014 00000002 00000019 0000000c 08140280 08140280 00000017
417  00000ac4 00000002 0000000e 0000c004 0000b002 01700110 01700110 02e00220 0a002014 00000003 00000019 0000000c 08140280 08140280 000000c9
418  00000ae0 00000003 0000000e 00000000 00000000 01700110 01700110 02e00220 0a002014 00000003 00000019 0000000c 08140280 08140280 0000017f
419  00000afc 00000004 0000000e 0000c004 00000000 01700110 01700110 02e00220 0a002014 00000003 00000019 0000000c 08140280 08140280 000003dd
420  00000afc 00000003 0000000e 00000000 00000000 01700110 01700110 02e00220 0a002014 00000003 00000019 00000010 08140280 08140280 000000cb
421  00000afc 00000003 0000000e 00000000 0000b002 01700110 01700110 02e00220 0a002014 00000004 00000019 00000010 08140280 08140280 000000bf
422  00000afc 00000003 0000000e 0000c004 00000000 01700110 01700110 02e00220 0a002014 00000004 00000019 00000010 08140280 08140280 000001db
423  00000b18 00000004 0000000e 00000000 00000000 01700110 01700110 02e00220 0a002014 00000004 00000019 00000010 08140280 08140280 000000fa
424  00000b18 00000004 0000000e 00000000 00000000 01700110 01700110 02e00220 0a002014 00000004 00000019 00000014 08140280 08140280 0000036f
425  00000b18 00000003 0000000e 00000000 00000000 01700110 01700110 02e00220 0a002014 00000004 00000019 00000014 08140280 08140280 00000009
426  00000b18 00000003 0000000e 0000c004 0000b002 01700110 01700110 02e00220 0a002014 00000005 00000019 00000014 08140280 08140280 000000d7
427  00000b34 00000004 0000000e 00000000 00000000 01700110 01700110 02e00220 0a002014 00000005 00000019 00000014 08140280 08140280 000000fe
428  00000b50 00000005 0000000e 00000000 00000000 01700110 01700110 02e00220 0a002014 00000005 00000019 00000014 08140280 08140280 000001a8
429  00000b50 00000005 0000000e 0000c004 00000000 01700110 01700110 02e00220 0a002014 00000005 00000019 00000014 08140280 08140280 00000165
430  00000b50 00000004 0000000e 00000000 00000000 01700110 01700110 02e00220 0a002014 00000005 00000019 00000018 08140280 08140280 0000021c
431  00000b50 00000004 0000000e 00000000 0000b002 01700110 01700110 02e00220 0a002014 00000006 00000019 00000018 08140280 08140280 00000041
432  00000b50 00000004 0000000e 0000c004 00000000 01700110 01700110 02e00220 0a002014 00000006 00000019 00000018 08140280 08140280 0000032f
433  00000b6d 00000005 0000000e 00000000 00000000 01700110 01700110 02e00220 0a002014 00000006 00000019 00000018 08140280 08140280 00000377
434  00000b6d 00000004 0000000e 00000000 00000000 01700110 01700110 02e00220 0a002014 00000006 00000019 0000001c 08140280 08140280 0000001f
435  00000b6d 00000004 0000000e 0000c004 00000000 01700110 01700110 02e00220 0a002014 00000006 00000019 0000001c 08140280 08140280 00000026
436  00000b6d 00000004 0000000e 00000000 00000000 01700110 01700110 02e00220 0a002014 00000007 00000019 0000001c 08140280 08140280 000000a1
437  00000b89 00000005 0000000e 00000000 00000000 01700110 01700110 02e00220 0a002014 00000007 00000019 0000001c 08140280 08140280 000000d4
438  00000b89 00000005 0000000e 0000c004 00000000 01700110 01700110 02e00220 0a002014 00000007 00000019 0000001c 08140280 08140280 00000356
439  00000b89 00000004 0000000e 00000000 00000000 01700110 01700110 02e00220 0a002014 00000007 00000019 00000020 08140280 08140280 00000215
440  00000b89 00000004 0000000e 00000000 0000b002 01700110 01700110 02e00220 0a002014 00000008 00000019 00000020 08140280 08140280 000000c3
441  00000ba5 00000005 0000000e 00000000 00000000 01700110 01700110 02e00220 0a002014 00000008 00000019 00000020 08140280 08140280 000000ed
442  00000ba5 00000005 0000000e 0000c004 00000000 01700110 01700110 02e00220 0a002014 00000008 00000019 00000020 08140280 08140280 0000005c
443  00000ba5 00000005 0000000e 00000000 00000000 01700110 01700110 02e00220 0a002014 00000008 00000019 00000020 08140280 08140280 0000035a
444  00000bc1 00000006 0000000e 00000000 00000000 01700110 01700110 02e00220 0a002014 00000008 00000019 00000020 08140280 08140280 00000146
445  00000bc1 00000005 0000000e 0000c004 00000000 01700110 01700110 02e00220 0a002014 00000008 00000019 00000024 08140280 08140280 00000059
