  0  00000000 00000000 00000020 00000000 00000000 01800118 00000000 00016fdf
  1  00000000 00000000 00000021 00000000 00000000 01800118 00000000 0000007a
  2  00000135 0000000a 00000021 00000000 00000000 01800118 00000000 000049f4
  3  00000135 0000000a 00000021 0000c010 00000000 01800118 00000000 0000037e
  4  00000135 00000009 0000000e 00000000 0000b200 00100080 00000000 00000396
  5  00000135 00000009 0000000e 00000000 00000000 00100080 00000000 00000353
  6  00000135 00000008 0000000e 00000000 00000000 00100080 00100080 00000727
  7  00000135 00000008 0000000e 00000000 0000b00e 00100080 00100080 0000003b
  8  00000135 00000008 0000000e 00000000 00000000 00100080 00100080 00000353
  9  00000135 00000007 0000000e 00000000 00000000 00100080 00100080 00000371
 10  00000135 00000007 0000000e 00000000 0000b002 00100080 00100080 0000006e
 11  00000135 00000007 0000000e 00000000 00000000 00100080 00100080 00000353
 12  00000135 00000006 0000000e 00000000 00000000 00100080 00100080 00000343
 13  00000135 00000006 0000000e 00000000 0000b002 00100080 00100080 00000042
 14  00000135 00000006 0000000e 00000000 00000000 00100080 00100080 00000353
 15  00000135 00000005 0000000e 00000000 00000000 00100080 00100080 00000371
 16  00000135 00000005 0000000e 00000000 0000b002 00100080 00100080 0000006e
 17  00000135 00000005 0000000e 00000000 00000000 00100080 00100080 00000353
 18  00000135 00000004 0000000e 00000000 00000000 00100080 00100080 00000344
 19  00000135 00000004 0000000e 00000000 0000b002 00100080 00100080 0000006f
 20  00000135 00000004 0000000e 00000000 00000000 00100080 00100080 00000353
 21  00000135 00000003 0000000e 00000000 00000000 00100080 00100080 00000343
 22  00000135 00000003 0000000e 00000000 0000b002 00100080 00100080 0000006f
 23  00000135 00000003 0000000e 00000000 00000000 00100080 00100080 00000353
 24  00000135 00000002 0000000e 00000000 00000000 00100080 00100080 00000342
 25  00000135 00000002 0000000e 00000000 0000b002 00100080 00100080 00000042
 26  00000135 00000002 0000000e 00000000 00000000 00100080 00100080 00000354
 27  00000135 00000001 0000000e 00000000 00000000 00100080 00100080 0000036f
 28  00000135 00000001 0000000e 00000000 0000b002 00100080 00100080 00000042
 29  00000135 00000001 0000000e 00000000 00000000 00100080 00100080 00000354
 30  0000024e 00000007 0000000e 00000000 00000000 00100080 00100080 00000739
 31  0000024e 00000006 0000000e 00000000 00000000 00100080 00100080 0000033c
 32  0000024e 00000006 0000000e 00000000 0000b002 00100080 00100080 0000006e
 33  0000024e 00000006 0000000e 00000000 00000000 00100080 00100080 00000353
 34  0000024e 00000005 0000000e 00000000 00000000 00100080 00100080 00000346
 35  0000024e 00000005 0000000e 00000000 0000b002 00100080 00100080 0000006d
 36  0000024e 00000005 0000000e 00000000 00000000 00100080 00100080 00000354
 37  0000024e 00000004 0000000e 00000000 00000000 00100080 00100080 00000342
 38  0000024e 00000004 0000000e 00000000 0000b002 00100080 00100080 00000041
 39  0000024e 00000004 0000000e 00000000 00000000 00100080 00100080 00000353
 40  0000024e 00000003 0000000e 00000000 00000000 00100080 00100080 00000371
 41  0000024e 00000003 0000000e 00000000 0000b002 00100080 00100080 0000006e
 42  0000024e 00000003 0000000e 00000000 00000000 00100080 00100080 00000353
 43  0000024e 00000002 0000000e 00000000 00000000 00100080 00100080 00000343
 44  0000024e 00000002 0000000e 00000000 0000b002 00100080 00100080 00000071
 45  0000024e 00000002 0000000e 00000000 00000000 00100080 00100080 00000353
 46  0000024e 00000001 0000000e 00000000 00000000 00100080 00100080 00000342
 47  0000024e 00000001 0000000e 00000000 0000b002 00100080 00100080 00000041
 48  0000024e 00000001 0000000e 00000000 00000000 00100080 00100080 00000354
 49  0000024e 00000001 0000000e 00000000 0000b100 00100080 00100080 0000036f
 50  0000024e 00000000 0000000e 00000000 00000000 00100080 00100080 00000017
 51  0000024e 00000000 0000000e 00000000 0000b002 00100080 00100080 0000002c
 52  0000024e 00000000 0000000e 00000000 00000000 00100080 00100080 00000353
 53  0000024e 00000000 00000008 00000000 0000b01e 00100080 00100080 000004d9
 54  0000024e 00000000 00000008 00000000 00000000 00100080 00100080 00000355
