Video: LI="625": 0
InitMPEG 4 5 - D00026 D00042 - D0083E D00026
Starting FMV
playMpeg /cd/VIDEO01.RTF 0 - 1 1
fdrvs1_static: dfb130
dma_adr 80004040
fma_dclk_adr e03010
MVVV 0 0 0
Started Play /cd/VIDEO01.RTF at d0136e
  0  000000ff 00000000 00000000 03000230 00000000 00000000 00000000 00000000 00000000 01180180 00000042 00000100 00000000
  1  00000000 00000000 00000000 03000230 00000000 00000000 00000000 00000000 00000000 01180180 00000042 00000100 00000001
  2  00000000 00000008 00000000 00840058 00000000 00000000 00000000 00000000 00000000 01180180 00000042 00000100 00000002
  3  000000ff 00000000 00000000 00840058 00000000 00000000 00000000 00000000 00000000 002c0042 00000042 00002080 00000003
  4  00000000 00000000 00000000 00840058 00000000 00000000 00020002 00010001 00000000 002c0042 00000042 00002080 00000004
  5  00000000 0000000c 00000000 00840058 00020002 00000000 00020002 00010001 00000000 002c0042 00000042 00002080 00000005
  6  00000000 00000000 00000000 00840058 00020002 00000000 00020002 00010001 00010001 002c0042 00000042 00002080 00000003
  7  00000000 0000000c 00000000 00840058 00020002 00000000 00040004 00010001 00010001 002c0042 00000042 00002080 00000004
  8  00000000 0000000c 00000000 00840058 00040004 00000000 00040004 00010001 00010001 002c0042 00000042 00002080 00000005
  9  00000000 00000000 00000000 00840058 00040004 00000000 00040004 00020002 00020002 002c0042 00000042 00002080 00000003
 10  00000000 0000000c 00000000 00840058 00040004 00000000 00060006 00020002 00020002 002c0042 00000042 00002080 00000004
 11  00000000 0000000c 00000000 00840058 00060006 00000000 00060006 00020002 00020002 002c0042 00000042 00002080 00000005
 12  00000000 00000000 00000000 00840058 00060006 00000000 00060006 00030003 00030003 002c0042 00000042 00002080 00000003
 13  00000000 0000000c 00000000 00840058 00060006 00000000 00080008 00030003 00030003 002c0042 00000042 00002080 00000004
 14  00000000 0000000c 00000000 00840058 00080008 00000000 00080008 00030003 00030003 002c0042 00000042 00002080 00000005
 15  00000000 00000000 00000000 00840058 00080008 00000000 00080008 00040004 00040004 002c0042 00000042 00002080 00000003
 16  00000000 0000000c 00000000 00840058 00080008 00000000 000a000a 00040004 00040004 002c0042 00000042 00002080 00000004
 17  00000000 0000000c 00000000 00840058 000a000a 00000000 000a000a 00040004 00040004 002c0042 00000042 00002080 00000005
 18  00000000 00000000 00000000 00840058 000a000a 00000000 000a000a 00050005 00050005 002c0042 00000042 00002080 00000003
 19  00000000 0000000c 00000000 00840058 000a000a 00000000 000c000c 00050005 00050005 002c0042 00000042 00002080 00000004
 20  00000000 0000000c 00000000 00840058 000c000c 00000000 000c000c 00050005 00050005 002c0042 00000042 00002080 00000005
 21  00000000 00000000 00000000 00840058 000c000c 00000000 000c000c 00060006 00060006 002c0042 00000042 00002080 00000003
 22  00000000 0000000c 00000000 00840058 000c000c 00000000 000e000e 00060006 00060006 002c0042 00000042 00002080 00000004
 23  00000000 0000000c 00000000 00840058 000e000e 00000000 000e000e 00060006 00060006 002c0042 00000042 00002080 00000005
 24  00000000 00000000 00000000 00840058 000e000e 00000000 000e000e 00070007 00070007 002c0042 00000042 00002080 00000003
 25  00000000 0000000c 00000000 00840058 000e000e 00000000 00100010 00070007 00070007 002c0042 00000042 00002080 00000004
 26  00000000 0000000c 00000000 00840058 00100010 00000000 00100010 00070007 00070007 002c0042 00000042 00002080 00000005
 27  00000000 00000000 00000000 00840058 00100010 00000000 00100010 00080008 00080008 002c0042 00000042 00002080 00000003
 28  00000000 0000000c 00000000 00840058 00100010 00000000 00120012 00080008 00080008 002c0042 00000042 00002080 00000004
 29  00000000 0000000c 00000000 00840058 00120012 00000000 00120012 00080008 00080008 002c0042 00000042 00002080 00000005
 30  00000000 00000000 00000000 00840058 00120012 00000000 00120012 00090009 00090009 002c0042 00000042 00002080 00000003
 31  00000000 0000000c 00000000 00840058 00120012 00000000 00140014 00090009 00090009 002c0042 00000042 00002080 00000004
 32  00000000 0000000c 00000000 00840058 00140014 00000000 00140014 00090009 00090009 002c0042 00000042 00002080 00000005
 33  00000000 00000000 00000000 00840058 00140014 00000000 00140014 000a000a 000a000a 002c0042 00000042 00002080 00000003
 34  00000000 0000000c 00000000 00840058 00140014 00000000 00160016 000a000a 000a000a 002c0042 00000042 00002080 00000004
 35  00000000 0000000c 00000000 00840058 00160016 00000000 00160016 000a000a 000a000a 002c0042 00000042 00002080 00000005
 36  00000000 00000000 00000000 00840058 00160016 00000000 00160016 000b000b 000b000b 002c0042 00000042 00002080 00000003
 37  00000000 0000000c 00000000 00840058 00160016 00000000 00180018 000b000b 000b000b 002c0042 00000042 00002080 00000004
 38  00000000 0000000c 00000000 00840058 00180018 00000000 00180018 000b000b 000b000b 002c0042 00000042 00002080 00000005
 39  00000000 00000000 00000000 00840058 00180018 00000000 00180018 000c000c 000c000c 002c0042 00000042 00002080 00000003
 40  00000000 0000000c 00000000 00840058 00180018 00000000 001a001a 000c000c 000c000c 002c0042 00000042 00002080 00000004
 41  00000000 0000000c 00000000 00840058 001a001a 00000000 001a001a 000c000c 000c000c 002c0042 00000042 00002080 00000005
 42  00000000 00000000 00000000 00840058 001a001a 00000000 001a001a 000d000d 000d000d 002c0042 00000042 00002080 00000003
 43  00000000 0000000c 00000000 00840058 001a001a 00000000 001c001c 000d000d 000d000d 002c0042 00000042 00002080 00000004
 44  00000000 0000000c 00000000 00840058 001c001c 00000000 001c001c 000d000d 000d000d 002c0042 00000042 00002080 00000005
 45  00000000 00000000 00000000 00840058 001c001c 00000000 001c001c 000e000e 000e000e 002c0042 00000042 00002080 00000003
 46  00000000 0000000c 00000000 00840058 001c001c 00000000 001e001e 000e000e 000e000e 002c0042 00000042 00002080 00000004
 47  00000000 0000000c 00000000 00840058 001e001e 00000000 001e001e 000e000e 000e000e 002c0042 00000042 00002080 00000005
 48  00000000 00000000 00000000 00840058 001e001e 00000000 001e001e 000f000f 000f000f 002c0042 00000042 00002080 00000003
 49  00000000 0000000c 00000000 00840058 001e001e 00000000 00200020 000f000f 000f000f 002c0042 00000042 00002080 00000004
 50  00000000 0000000c 00000000 00840058 00200020 00000000 00200020 000f000f 000f000f 002c0042 00000042 00002080 00000005
 51  00000000 00000000 00000000 00840058 00200020 00000000 00200020 00100010 00100010 002c0042 00000042 00002080 00000003
 52  00000000 0000000c 00000000 00840058 00200020 00000000 00220022 00100010 00100010 002c0042 00000042 00002080 00000004
 53  00000000 0000000c 00000000 00840058 00220022 00000000 00220022 00100010 00100010 002c0042 00000042 00002080 00000005
 54  00000000 00000000 00000000 00840058 00220022 00000000 00220022 00110011 00110011 002c0042 00000042 00002080 00000003
 55  00000000 0000000c 00000000 00840058 00220022 00000000 00240024 00110011 00110011 002c0042 00000042 00002080 00000004
 56  00000000 0000000c 00000000 00840058 00240024 00000000 00240024 00110011 00110011 002c0042 00000042 00002080 00000005
 57  00000000 00000000 00000000 00840058 00240024 00000000 00240024 00120012 00120012 002c0042 00000042 00002080 00000003
 58  00000000 0000000c 00000000 00840058 00240024 00000000 00260026 00120012 00120012 002c0042 00000042 00002080 00000004
 59  00000000 0000000c 00000000 00840058 00260026 00000000 00260026 00120012 00120012 002c0042 00000042 00002080 00000005
 60  00000000 00000000 00000000 00840058 00260026 00000000 00260026 00130013 00130013 002c0042 00000042 00002080 00000003
 61  00000000 0000000c 00000000 00840058 00260026 00000000 00280028 00130013 00130013 002c0042 00000042 00002080 00000004
 62  00000000 0000000c 00000000 00840058 00280028 00000000 00280028 00130013 00130013 002c0042 00000042 00000100 00000005
 63  00000000 00000000 00000000 00840058 00280028 00000000 00280028 00140014 00140014 002c0042 00000042 00002080 00000003
 64  00000000 0000000c 00000000 00840058 00280028 00000000 002a002a 00140014 00140014 002c0042 00000042 00002080 00000004
 65  00000000 0000000c 00000000 00840058 002a002a 00000000 002a002a 00140014 00140014 002c0042 00000042 0000000f 00000005
 66  00000000 00000000 00000000 00840058 002a002a 00000000 002a002a 00150015 00150015 002c0042 00000042 00002080 00000003
 67  00000000 0000000c 00000000 00840058 002a002a 00000000 002c002c 00150015 00150015 002c0042 00000042 00000100 00000004
 68  00000000 0000000c 00000000 00840058 002c002c 00000000 002c002c 00150015 00150015 002c0042 00000042 00000100 00000005
 69  00000000 00000000 00000000 00840058 002c002c 00000000 002c002c 00160016 00160016 002c0042 00000042 00000100 00000003
 70  00000000 0000000c 00000000 00840058 002c002c 00000000 002e002e 00160016 00160016 002c0042 00000042 00000100 00000004
 71  00000000 0000000c 00000000 00840058 002e002e 00000000 002e002e 00160016 00160016 002c0042 00000042 00000100 00000005
 72  00000000 00000000 00000000 00840058 002e002e 00000000 002e002e 00170017 00170017 002c0042 00000042 00002180 00000003
 73  00000000 0000000c 00000000 00840058 002e002e 00000000 00300030 00170017 00170017 002c0042 00000042 00002180 00000004
 74  00000000 0000000c 00000000 00840058 00300030 00000000 00300030 00170017 00170017 002c0042 00000042 00002180 00000005
 75  00000000 00000000 00000000 00840058 00300030 00000000 00300030 00180018 00180018 002c0042 00000042 00002180 00000003
 76  00000000 0000000c 00000000 00840058 00300030 00000000 00320032 00180018 00180018 002c0042 00000042 00002180 00000004
 77  00000000 0000000c 00000000 00840058 00320032 00000000 00320032 00180018 00180018 002c0042 00000042 00002180 00000005
 78  00000000 00000000 00000000 00840058 00320032 00000000 00320032 00190019 00190019 002c0042 00000042 00002080 00000003
 79  00000000 0000000c 00000000 00840058 00320032 00000000 00340034 00190019 00190019 002c0042 00000042 00002080 00000004
 80  00000000 0000000c 00000000 00840058 00340034 00000000 00340034 00190019 00190019 002c0042 00000042 00002080 00000005
 81  00000000 00000000 00000000 00840058 00340034 00000000 00340034 001a001a 001a001a 002c0042 00000042 00002080 00000003
 82  00000000 0000000c 00000000 00840058 00340034 00000000 00360036 001a001a 001a001a 002c0042 00000042 00002080 00000004
 83  00000000 0000000c 00000000 00840058 00360036 00000000 00360036 001a001a 001a001a 002c0042 00000042 00002080 00000005
 84  00000000 00000000 00000000 00840058 00360036 00000000 00360036 001b001b 001b001b 002c0042 00000042 00002080 00000003
 85  00000000 0000000c 00000000 00840058 00360036 00000000 00380038 001b001b 001b001b 002c0042 00000042 00002080 00000004
 86  00000000 0000000c 00000000 00840058 00380038 00000000 00380038 001b001b 001b001b 002c0042 00000042 00002080 00000005
 87  00000000 00000000 00000000 00840058 00380038 00000000 00380038 001c001c 001c001c 002c0042 00000042 00002080 00000003
 88  00000000 0000000c 00000000 00840058 00380038 00000000 003a003a 001c001c 001c001c 002c0042 00000042 00002080 00000004
 89  00000000 0000000c 00000000 00840058 003a003a 00000000 003a003a 001c001c 001c001c 002c0042 00000042 00002080 00000005
 90  00000000 00000000 00000000 00840058 003a003a 00000000 003a003a 001d001d 001d001d 002c0042 00000042 00002080 00000003
 91  00000000 0000000c 00000000 00840058 003a003a 00000000 003c003c 001d001d 001d001d 002c0042 00000042 00002080 00000004
 92  00000000 0000000c 00000000 00840058 003c003c 00000000 003c003c 001d001d 001d001d 002c0042 00000042 00002080 00000005
 93  00000000 00000000 00000000 00840058 003c003c 00000000 003c003c 001e001e 001e001e 002c0042 00000042 00002080 00000003
 94  00000000 0000000c 00000000 00840058 003c003c 00000000 003e003e 001e001e 001e001e 002c0042 00000042 00002080 00000004
 95  00000000 0000000c 00000000 00840058 003e003e 00000000 003e003e 001e001e 001e001e 002c0042 00000042 00002080 00000005
 96  00000000 00000008 00000000 00840058 003e003e 00000000 003e003e 001f001f 001f001f 002c0042 00000042 00002080 00000003
 97  00000000 00000008 00000000 00840058 003e003e 00000000 00400040 001f001f 001f001f 002c0042 00000042 00002080 00000004
 98  00000000 00000008 00000000 00840058 00400040 00000000 00400040 001f001f 001f001f 002c0042 00000042 00002080 00000005
 99  00000000 00000000 00000000 00840058 00400040 00000000 00400040 00200020 00200020 002c0042 00000042 00002080 00000003
100  00000000 0000000c 00000000 00840058 00400040 00000000 00420042 00200020 00200020 002c0042 00000042 00002080 00000004
101  00000000 0000000c 00000000 00840058 00420042 00000000 00420042 00200020 00200020 002c0042 00000042 00002080 00000005
102  00000000 00000000 00000000 00840058 00420042 00000000 00420042 00210021 00210021 002c0042 00000042 00002080 00000003
103  00000000 0000000c 00000000 00840058 00420042 00000000 00440044 00210021 00210021 002c0042 00000042 00002080 00000004
104  00000000 0000000c 00000000 00840058 00440044 00000000 00440044 00210021 00210021 002c0042 00000042 00002080 00000005
105  00000000 00000000 00000000 00840058 00440044 00000000 00440044 00220022 00220022 002c0042 00000042 00002080 00000003
106  00000000 0000000c 00000000 00840058 00440044 00000000 00460046 00220022 00220022 002c0042 00000042 00002080 00000004
107  00000000 0000000c 00000000 00840058 00460046 00000000 00460046 00220022 00220022 002c0042 00000042 00002080 00000005
108  00000000 00000000 00000000 00840058 00460046 00000000 00460046 00230023 00230023 002c0042 00000042 00002080 00000003
109  00000000 0000000c 00000000 00840058 00460046 00000000 00480048 00230023 00230023 002c0042 00000042 00002080 00000004
110  00000000 0000000c 00000000 00840058 00480048 00000000 00480048 00230023 00230023 002c0042 00000042 00002080 00000005
111  00000000 00000000 00000000 00840058 00480048 00000000 00480048 00240024 00240024 002c0042 00000042 00002080 00000003
112  00000000 0000000c 00000000 00840058 00480048 00000000 004a004a 00240024 00240024 002c0042 00000042 00002080 00000004
113  00000000 0000000c 00000000 00840058 004a004a 00000000 004a004a 00240024 00240024 002c0042 00000042 00002080 00000005
114  00000000 00000000 00000000 00840058 004a004a 00000000 004a004a 00250025 00250025 002c0042 00000042 00002080 00000003
115  00000000 0000000c 00000000 00840058 004a004a 00000000 004c004c 00250025 00250025 002c0042 00000042 00002080 00000004
116  00000000 0000000c 00000000 00840058 004c004c 00000000 004c004c 00250025 00250025 002c0042 00000042 00002080 00000005
117  00000000 00000000 00000000 00840058 004c004c 00000000 004c004c 00260026 00260026 002c0042 00000042 00002080 00000003
118  00000000 0000000c 00000000 00840058 004c004c 00000000 004e004e 00260026 00260026 002c0042 00000042 00002080 00000004
119  00000000 0000000c 00000000 00840058 004e004e 00000000 004e004e 00260026 00260026 002c0042 00000042 00002080 00000005
120  00000000 00000000 00000000 00840058 004e004e 00000000 004e004e 00270027 00270027 002c0042 00000042 00002080 00000003
121  00000000 0000000c 00000000 00840058 004e004e 00000000 00500050 00270027 00270027 002c0042 00000042 00002080 00000004
122  00000000 0000000c 00000000 00840058 00500050 00000000 00500050 00270027 00270027 002c0042 00000042 00002080 00000005
123  00000000 00000000 00000000 00840058 00500050 00000000 00500050 00280028 00280028 002c0042 00000042 00002080 00000003
124  00000000 0000000c 00000000 00840058 00500050 00000000 00520052 00280028 00280028 002c0042 00000042 00002080 00000004
125  00000000 0000000c 00000000 00840058 00520052 00000000 00520052 00280028 00280028 002c0042 00000042 00002080 00000005
126  00000000 00000000 00000000 00840058 00520052 00000000 00520052 00290029 00290029 002c0042 00000042 00002080 00000003
127  00000000 0000000c 00000000 00840058 00520052 00000000 00540054 00290029 00290029 002c0042 00000042 00002080 00000004
128  00000000 0000000c 00000000 00840058 00540054 00000000 00540054 00290029 00290029 002c0042 00000042 00002080 00000005
129  00000000 00000000 00000000 00840058 00540054 00000000 00540054 002a002a 002a002a 002c0042 00000042 00002080 00000003
130  00000000 0000000c 00000000 00840058 00540054 00000000 00560056 002a002a 002a002a 002c0042 00000042 00002080 00000004
131  00000000 0000000c 00000000 00840058 00560056 00000000 00560056 002a002a 002a002a 002c0042 00000042 0000000f 00000005
132  00000000 00000000 00000000 00840058 00560056 00000000 00560056 002b002b 002b002b 002c0042 00000042 00002080 00000003
133  00000000 0000000c 00000000 00840058 00560056 00000000 00580058 002b002b 002b002b 002c0042 00000042 00002080 00000004
134  00000000 0000000c 00000000 00840058 00580058 00000000 00580058 002b002b 002b002b 002c0042 00000042 00002080 00000005
135  00000000 00000000 00000000 00840058 00580058 00000000 00580058 002c002c 002c002c 002c0042 00000042 00002080 00000003
136  00000000 0000000c 00000000 00840058 00580058 00000000 005a005a 002c002c 002c002c 002c0042 00000042 00002080 00000004
137  00000000 0000000c 00000000 00840058 005a005a 00000000 005a005a 002c002c 002c002c 002c0042 00000042 00002080 00000005
138  00000000 00000000 00000000 00840058 005a005a 00000000 005a005a 002d002d 002d002d 002c0042 00000042 00002080 00000003
139  00000000 0000000c 00000000 00840058 005a005a 00000000 005c005c 002d002d 002d002d 002c0042 00000042 00002080 00000004
140  00000000 0000000c 00000000 00840058 005c005c 00000000 005c005c 002d002d 002d002d 002c0042 00000042 00000100 00000005
141  00000000 00000000 00000000 00840058 005c005c 00000000 005c005c 002e002e 002e002e 002c0042 00000042 00002080 00000003
142  00000000 0000000c 00000000 00840058 005c005c 00000000 005e005e 002e002e 002e002e 002c0042 00000042 00002080 00000004
143  00000000 0000000c 00000000 00840058 005e005e 00000000 005e005e 002e002e 002e002e 002c0042 00000042 00000100 00000005
144  00000000 00000000 00000000 00840058 005e005e 00000000 005e005e 002f002f 002f002f 002c0042 00000042 00002080 00000003
145  00000000 0000000c 00000000 00840058 005e005e 00000000 00600060 002f002f 002f002f 002c0042 00000042 00000100 00000004
146  00000000 0000000c 00000000 00840058 00600060 00000000 00600060 002f002f 002f002f 002c0042 00000042 00000100 00000005
147  00000000 00000000 00000000 00840058 00600060 00000000 00600060 00300030 00300030 002c0042 00000042 00000100 00000003
148  00000000 0000000c 00000000 00840058 00600060 00000000 00620062 00300030 00300030 002c0042 00000042 00000100 00000004
149  00000000 0000000c 00000000 00840058 00620062 00000000 00620062 00300030 00300030 002c0042 00000042 00000100 00000005
150  00000000 00000000 00000000 00840058 00620062 00000000 00620062 00310031 00310031 002c0042 00000042 00000100 00000003
151  00000000 0000000c 00000000 00840058 00620062 00000000 00640064 00310031 00310031 002c0042 00000042 00000100 00000004
152  00000000 0000000c 00000000 00840058 00640064 00000000 00640064 00310031 00310031 002c0042 00000042 00000100 00000005
153  00000000 00000000 00000000 00840058 00640064 00000000 00640064 00320032 00320032 002c0042 00000042 00002180 00000003
154  00000000 0000000c 00000000 00840058 00640064 00000000 00660066 00320032 00320032 002c0042 00000042 00002180 00000004
155  00000000 0000000c 00000000 00840058 00660066 00000000 00660066 00320032 00320032 002c0042 00000042 00002180 00000005
156  00000000 00000000 00000000 00840058 00660066 00000000 00660066 00330033 00330033 002c0042 00000042 00002180 00000003
157  00000000 0000000c 00000000 00840058 00660066 00000000 00680068 00330033 00330033 002c0042 00000042 00002180 00000004
158  00000000 0000000c 00000000 00840058 00680068 00000000 00680068 00330033 00330033 002c0042 00000042 00002180 00000005
159  00000000 00000000 00000000 00840058 00680068 00000000 00680068 00340034 00340034 002c0042 00000042 00002080 00000003
160  00000000 0000000c 00000000 00840058 00680068 00000000 006a006a 00340034 00340034 002c0042 00000042 00002080 00000004
161  00000000 0000000c 00000000 00840058 006a006a 00000000 006a006a 00340034 00340034 002c0042 00000042 00002080 00000005
162  00000000 00000000 00000000 00840058 006a006a 00000000 006a006a 00350035 00350035 002c0042 00000042 00002080 00000003
163  00000000 0000000c 00000000 00840058 006a006a 00000000 006c006c 00350035 00350035 002c0042 00000042 00002080 00000004
164  00000000 0000000c 00000000 00840058 006c006c 00000000 006c006c 00350035 00350035 002c0042 00000042 00002080 00000005
165  00000000 00000000 00000000 00840058 006c006c 00000000 006c006c 00360036 00360036 002c0042 00000042 00002080 00000003
166  00000000 0000000c 00000000 00840058 006c006c 00000000 006e006e 00360036 00360036 002c0042 00000042 00002080 00000004
167  00000000 0000000c 00000000 00840058 006e006e 00000000 006e006e 00360036 00360036 002c0042 00000042 00002080 00000005
168  00000000 00000000 00000000 00840058 006e006e 00000000 006e006e 00370037 00370037 002c0042 00000042 00002080 00000003
169  00000000 0000000c 00000000 00840058 006e006e 00000000 00700070 00370037 00370037 002c0042 00000042 00002080 00000004
170  00000000 0000000c 00000000 00840058 00700070 00000000 00700070 00370037 00370037 002c0042 00000042 00002080 00000005
171  00000000 00000000 00000000 00840058 00700070 00000000 00700070 00380038 00380038 002c0042 00000042 00002080 00000003
172  00000000 0000000c 00000000 00840058 00700070 00000000 00720072 00380038 00380038 002c0042 00000042 00002080 00000004
173  00000000 0000000c 00000000 00840058 00720072 00000000 00720072 00380038 00380038 002c0042 00000042 00002080 00000005
174  00000000 00000000 00000000 00840058 00720072 00000000 00720072 00390039 00390039 002c0042 00000042 00002080 00000003
175  00000000 0000000c 00000000 00840058 00720072 00000000 00740074 00390039 00390039 002c0042 00000042 00002080 00000004
176  00000000 0000000c 00000000 00840058 00740074 00000000 00740074 00390039 00390039 002c0042 00000042 00002080 00000005
177  00000000 00000000 00000000 00840058 00740074 00000000 00740074 003a003a 003a003a 002c0042 00000042 00002080 00000003
178  00000000 0000000c 00000000 00840058 00740074 00000000 00760076 003a003a 003a003a 002c0042 00000042 00002080 00000004
179  00000000 0000000c 00000000 00840058 00760076 00000000 00760076 003a003a 003a003a 002c0042 00000042 00002080 00000005
180  00000000 00000000 00000000 00840058 00760076 00000000 00760076 003b003b 003b003b 002c0042 00000042 00002080 00000003
181  00000000 0000000c 00000000 00840058 00760076 00000000 00780078 003b003b 003b003b 002c0042 00000042 00002080 00000004
182  00000000 0000000c 00000000 00840058 00780078 00000000 00780078 003b003b 003b003b 002c0042 00000042 00002080 00000005
183  00000000 00000000 00000000 00840058 00780078 00000000 00780078 003c003c 003c003c 002c0042 00000042 00002080 00000003
184  00000000 0000000c 00000000 00840058 00780078 00000000 007a007a 003c003c 003c003c 002c0042 00000042 00002080 00000004
185  00000000 0000000c 00000000 00840058 007a007a 00000000 007a007a 003c003c 003c003c 002c0042 00000042 00002080 00000005
186  00000000 00000000 00000000 00840058 007a007a 00000000 007a007a 003d003d 003d003d 002c0042 00000042 00002080 00000003
187  00000000 0000000c 00000000 00840058 007a007a 00000000 007c007c 003d003d 003d003d 002c0042 00000042 00002080 00000004
188  00000000 0000000c 00000000 00840058 007c007c 00000000 007c007c 003d003d 003d003d 002c0042 00000042 00002080 00000005
189  00000000 00000000 00000000 00840058 007c007c 00000000 007c007c 003e003e 003e003e 002c0042 00000042 00002080 00000003
190  00000000 0000000c 00000000 00840058 007c007c 00000000 007e007e 003e003e 003e003e 002c0042 00000042 00002080 00000004
191  00000000 0000000c 00000000 00840058 007e007e 00000000 007e007e 003e003e 003e003e 002c0042 00000042 00002080 00000005
192  00000000 00000000 00000000 00840058 007e007e 00000000 007e007e 003f003f 003f003f 002c0042 00000042 00002080 00000003
193  00000000 0000000c 00000000 00840058 007e007e 00000000 00800080 003f003f 003f003f 002c0042 00000042 00002080 00000004
194  00000000 0000000c 00000000 00840058 00800080 00000000 00800080 003f003f 003f003f 002c0042 00000042 00002080 00000005
195  00000000 00000000 00000000 00840058 00800080 00000000 00800080 00400040 00400040 002c0042 00000042 00002080 00000003
196  00000000 0000000c 00000000 00840058 00800080 00000000 00820082 00400040 00400040 002c0042 00000042 00002080 00000004
197  00000000 0000000c 00000000 00840058 00820082 00000000 00820082 00400040 00400040 002c0042 00000042 0000000f 00000005
198  00000000 00000000 00000000 00840058 00820082 00000000 00820082 00410041 00410041 002c0042 00000042 00002080 00000003
199  00000000 0000000c 00000000 00840058 00820082 00000000 00840084 00410041 00410041 002c0042 00000042 00002080 00000004
200  00000000 0000000c 00000000 00840058 00840084 00000000 00840084 00410041 00410041 002c0042 00000042 00002080 00000005
201  00000000 00000000 00000000 00840058 00840084 00000000 00840084 00420042 00420042 002c0042 00000042 00002080 00000003
202  00000000 0000000c 00000000 00840058 00840084 00000000 00860086 00420042 00420042 002c0042 00000042 00002080 00000004
203  00000000 0000000c 00000000 00840058 00860086 00000000 00860086 00420042 00420042 002c0042 00000042 00002080 00000005
204  00000000 00000000 00000000 00840058 00860086 00000000 00860086 00430043 00430043 002c0042 00000042 00002080 00000003
205  00000000 0000000c 00000000 00840058 00860086 00000000 00880088 00430043 00430043 002c0042 00000042 00002080 00000004
206  00000000 0000000c 00000000 00840058 00880088 00000000 00880088 00430043 00430043 002c0042 00000042 00002080 00000005
207  00000000 00000000 00000000 00840058 00880088 00000000 00880088 00440044 00440044 002c0042 00000042 00002080 00000003
208  00000000 0000000c 00000000 00840058 00880088 00000000 008a008a 00440044 00440044 002c0042 00000042 00002080 00000004
209  00000000 0000000c 00000000 00840058 008a008a 00000000 008a008a 00440044 00440044 002c0042 00000042 00002080 00000005
210  00000000 00000000 00000000 00840058 008a008a 00000000 008a008a 00450045 00450045 002c0042 00000042 00002080 00000003
211  00000000 0000000c 00000000 00840058 008a008a 00000000 008c008c 00450045 00450045 002c0042 00000042 00002080 00000004
212  00000000 0000000c 00000000 00840058 008c008c 00000000 008c008c 00450045 00450045 002c0042 00000042 00002080 00000005
213  00000000 00000000 00000000 00840058 008c008c 00000000 008c008c 00460046 00460046 002c0042 00000042 00002080 00000003
214  00000000 0000000c 00000000 00840058 008c008c 00000000 008e008e 00460046 00460046 002c0042 00000042 00002080 00000004
215  00000000 0000000c 00000000 00840058 008e008e 00000000 008e008e 00460046 00460046 002c0042 00000042 00002080 00000005
216  00000000 00000000 00000000 00840058 008e008e 00000000 008e008e 00470047 00470047 002c0042 00000042 00002080 00000003
217  00000000 0000000c 00000000 00840058 008e008e 00000000 00900090 00470047 00470047 002c0042 00000042 00002080 00000004
218  00000000 0000000c 00000000 00840058 00900090 00000000 00900090 00470047 00470047 002c0042 00000042 00000100 00000005
219  00000000 00000000 00000000 00840058 00900090 00000000 00900090 00480048 00480048 002c0042 00000042 00002080 00000003
220  00000000 0000000c 00000000 00840058 00900090 00000000 00920092 00480048 00480048 002c0042 00000042 00002080 00000004
221  00000000 0000000c 00000000 00840058 00920092 00000000 00920092 00480048 00480048 002c0042 00000042 00000100 00000005
222  00000000 00000000 00000000 00840058 00920092 00000000 00920092 00490049 00490049 002c0042 00000042 00002080 00000003
223  00000000 0000000c 00000000 00840058 00920092 00000000 00940094 00490049 00490049 002c0042 00000042 00000100 00000004
224  00000000 0000000c 00000000 00840058 00940094 00000000 00940094 00490049 00490049 002c0042 00000042 00000100 00000005
225  00000000 00000000 00000000 00840058 00940094 00000000 00940094 004a004a 004a004a 002c0042 00000042 00002080 00000003
226  00000000 0000000c 00000000 00840058 00940094 00000000 00960096 004a004a 004a004a 002c0042 00000042 00000100 00000004
227  00000000 0000000c 00000000 00840058 00960096 00000000 00960096 004a004a 004a004a 002c0042 00000042 00000100 00000005
228  00000000 00000000 00000000 00840058 00960096 00000000 00960096 004b004b 004b004b 002c0042 00000042 00000100 00000003
229  00000000 0000000c 00000000 00840058 00960096 00000000 00980098 004b004b 004b004b 002c0042 00000042 00000100 00000004
230  00000000 0000000c 00000000 00840058 00980098 00000000 00980098 004b004b 004b004b 002c0042 00000042 00000100 00000005
231  00000000 00000000 00000000 00840058 00980098 00000000 00980098 004c004c 004c004c 002c0042 00000042 00000100 00000003
232  00000000 0000000c 00000000 00840058 00980098 00000000 009a009a 004c004c 004c004c 002c0042 00000042 00000100 00000004
233  00000000 0000000c 00000000 00840058 009a009a 00000000 009a009a 004c004c 004c004c 002c0042 00000042 00000100 00000005
234  00000000 00000000 00000000 00840058 009a009a 00000000 009a009a 004d004d 004d004d 002c0042 00000042 00002180 00000003
235  00000000 0000000c 00000000 00840058 009a009a 00000000 009c009c 004d004d 004d004d 002c0042 00000042 00002180 00000004
236  00000000 0000000c 00000000 00840058 009c009c 00000000 009c009c 004d004d 004d004d 002c0042 00000042 00002180 00000005
237  00000000 00000000 00000000 00840058 009c009c 00000000 009c009c 004e004e 004e004e 002c0042 00000042 00002080 00000003
238  00000000 0000000c 00000000 00840058 009c009c 00000000 009e009e 004e004e 004e004e 002c0042 00000042 00002080 00000004
239  00000000 0000000c 00000000 00840058 009e009e 00000000 009e009e 004e004e 004e004e 002c0042 00000042 00002080 00000005
240  00000000 00000000 00000000 00840058 009e009e 00000000 009e009e 004f004f 004f004f 002c0042 00000042 00002080 00000003
241  00000000 0000000c 00000000 00840058 009e009e 00000000 00a000a0 004f004f 004f004f 002c0042 00000042 00002080 00000004
242  00000000 0000000c 00000000 00840058 00a000a0 00000000 00a000a0 004f004f 004f004f 002c0042 00000042 00002080 00000005
243  00000000 00000000 00000000 00840058 00a000a0 00000000 00a000a0 00500050 00500050 002c0042 00000042 00002080 00000003
244  00000000 0000000c 00000000 00840058 00a000a0 00000000 00a200a2 00500050 00500050 002c0042 00000042 00002080 00000004
245  00000000 0000000c 00000000 00840058 00a200a2 00000000 00a200a2 00500050 00500050 002c0042 00000042 00002080 00000005
246  00000000 00000000 00000000 00840058 00a200a2 00000000 00a200a2 00510051 00510051 002c0042 00000042 00002080 00000003
247  00000000 0000000c 00000000 00840058 00a200a2 00000000 00a400a4 00510051 00510051 002c0042 00000042 00002080 00000004
248  00000000 0000000c 00000000 00840058 00a400a4 00000000 00a400a4 00510051 00510051 002c0042 00000042 00002080 00000005
249  00000000 00000000 00000000 00840058 00a400a4 00000000 00a400a4 00520052 00520052 002c0042 00000042 00002080 00000003
250  00000000 0000000c 00000000 00840058 00a400a4 00000000 00a600a6 00520052 00520052 002c0042 00000042 00002080 00000004
251  00000000 0000000c 00000000 00840058 00a600a6 00000000 00a600a6 00520052 00520052 002c0042 00000042 00002080 00000005
252  00000000 00000000 00000000 00840058 00a600a6 00000000 00a600a6 00530053 00530053 002c0042 00000042 00002080 00000003
253  00000000 0000000c 00000000 00840058 00a600a6 00000000 00a800a8 00530053 00530053 002c0042 00000042 00002080 00000004
254  00000000 0000000c 00000000 00840058 00a800a8 00000000 00a800a8 00530053 00530053 002c0042 00000042 00002080 00000005
255  00000000 00000000 00000000 00840058 00a800a8 00000000 00a800a8 00540054 00540054 002c0042 00000042 00002080 00000003
256  00000000 0000000c 00000000 00840058 00a800a8 00000000 00aa00aa 00540054 00540054 002c0042 00000042 00002080 00000004
257  00000000 0000000c 00000000 00840058 00aa00aa 00000000 00aa00aa 00540054 00540054 002c0042 00000042 00002080 00000005
258  00000000 00000000 00000000 00840058 00aa00aa 00000000 00aa00aa 00550055 00550055 002c0042 00000042 00002080 00000003
259  00000000 0000000c 00000000 00840058 00aa00aa 00000000 00ac00ac 00550055 00550055 002c0042 00000042 00002080 00000004
260  00000000 0000000c 00000000 00840058 00ac00ac 00000000 00ac00ac 00550055 00550055 002c0042 00000042 00002080 00000005
261  00000000 00000000 00000000 00840058 00ac00ac 00000000 00ac00ac 00560056 00560056 002c0042 00000042 00002080 00000003
262  00000000 0000000c 00000000 00840058 00ac00ac 00000000 00ae00ae 00560056 00560056 002c0042 00000042 00002080 00000004
263  00000000 0000000c 00000000 00840058 00ae00ae 00000000 00ae00ae 00560056 00560056 002c0042 00000042 0000000f 00000005
264  00000000 00000000 00000000 00840058 00ae00ae 00000000 00ae00ae 00570057 00570057 002c0042 00000042 00002080 00000003
265  00000000 0000000c 00000000 00840058 00ae00ae 00000000 00b000b0 00570057 00570057 002c0042 00000042 00002080 00000004
266  00000000 0000000c 00000000 00840058 00b000b0 00000000 00b000b0 00570057 00570057 002c0042 00000042 00002080 00000005
267  00000000 00000000 00000000 00840058 00b000b0 00000000 00b000b0 00580058 00580058 002c0042 00000042 00002080 00000003
268  00000000 0000000c 00000000 00840058 00b000b0 00000000 00b200b2 00580058 00580058 002c0042 00000042 00002080 00000004
269  00000000 0000000c 00000000 00840058 00b200b2 00000000 00b200b2 00580058 00580058 002c0042 00000042 00002080 00000005
270  00000000 00000000 00000000 00840058 00b200b2 00000000 00b200b2 00590059 00590059 002c0042 00000042 00002080 00000003
271  00000000 0000000c 00000000 00840058 00b200b2 00000000 00b400b4 00590059 00590059 002c0042 00000042 00002080 00000004
272  00000000 0000000c 00000000 00840058 00b400b4 00000000 00b400b4 00590059 00590059 002c0042 00000042 00002080 00000005
273  00000000 00000000 00000000 00840058 00b400b4 00000000 00b400b4 005a005a 005a005a 002c0042 00000042 00002080 00000003
274  00000000 0000000c 00000000 00840058 00b400b4 00000000 00b600b6 005a005a 005a005a 002c0042 00000042 00002080 00000004
275  00000000 0000000c 00000000 00840058 00b600b6 00000000 00b600b6 005a005a 005a005a 002c0042 00000042 00002080 00000005
276  00000000 00000000 00000000 00840058 00b600b6 00000000 00b600b6 005b005b 005b005b 002c0042 00000042 00002080 00000003
277  00000000 0000000c 00000000 00840058 00b600b6 00000000 00b800b8 005b005b 005b005b 002c0042 00000042 00002080 00000004
278  00000000 0000000c 00000000 00840058 00b800b8 00000000 00b800b8 005b005b 005b005b 002c0042 00000042 00002080 00000005
279  00000000 00000000 00000000 00840058 00b800b8 00000000 00b800b8 005c005c 005c005c 002c0042 00000042 00002080 00000003
280  00000000 0000000c 00000000 00840058 00b800b8 00000000 00ba00ba 005c005c 005c005c 002c0042 00000042 00002080 00000004
281  00000000 0000000c 00000000 00840058 00ba00ba 00000000 00ba00ba 005c005c 005c005c 002c0042 00000042 00002080 00000005
282  00000000 00000000 00000000 00840058 00ba00ba 00000000 00ba00ba 005d005d 005d005d 002c0042 00000042 00002080 00000003
283  00000000 0000000c 00000000 00840058 00ba00ba 00000000 00bc00bc 005d005d 005d005d 002c0042 00000042 00002080 00000004
284  00000000 0000000c 00000000 00840058 00bc00bc 00000000 00bc00bc 005d005d 005d005d 002c0042 00000042 00002080 00000005
285  00000000 00000000 00000000 00840058 00bc00bc 00000000 00bc00bc 005e005e 005e005e 002c0042 00000042 00002080 00000003
286  00000000 0000000c 00000000 00840058 00bc00bc 00000000 00be00be 005e005e 005e005e 002c0042 00000042 00002080 00000004
287  00000000 0000000c 00000000 00840058 00be00be 00000000 00be00be 005e005e 005e005e 002c0042 00000042 00002080 00000005
288  00000000 00000000 00000000 00840058 00be00be 00000000 00be00be 005f005f 005f005f 002c0042 00000042 00002080 00000003
289  00000000 0000000c 00000000 00840058 00be00be 00000000 00c000c0 005f005f 005f005f 002c0042 00000042 00002080 00000004
290  00000000 0000000c 00000000 00840058 00c000c0 00000000 00c000c0 005f005f 005f005f 002c0042 00000042 00002080 00000005
291  00000000 00000000 00000000 00840058 00c000c0 00000000 00c000c0 00600060 00600060 002c0042 00000042 00002080 00000003
292  00000000 0000000c 00000000 00840058 00c000c0 00000000 00c200c2 00600060 00600060 002c0042 00000042 00002080 00000004
293  00000000 0000000c 00000000 00840058 00c200c2 00000000 00c200c2 00600060 00600060 002c0042 00000042 00002080 00000005
294  00000000 00000000 00000000 00840058 00c200c2 00000000 00c200c2 00610061 00610061 002c0042 00000042 00002080 00000003
295  00000000 0000000c 00000000 00840058 00c200c2 00000000 00c400c4 00610061 00610061 002c0042 00000042 00002080 00000004
296  00000000 0000000c 00000000 00840058 00c400c4 00000000 00c400c4 00610061 00610061 002c0042 00000042 00002080 00000005
297  00000000 00000000 00000000 00840058 00c400c4 00000000 00c400c4 00620062 00620062 002c0042 00000042 00002080 00000003
298  00000000 0000000c 00000000 00840058 00c400c4 00000000 00c600c6 00620062 00620062 002c0042 00000042 00002080 00000004
299  00000000 0000000c 00000000 00840058 00c600c6 00000000 00c600c6 00620062 00620062 002c0042 00000042 00000100 00000005
300  00000000 00000000 00000000 00840058 00c600c6 00000000 00c600c6 00630063 00630063 002c0042 00000042 00002080 00000003
301  00000000 0000000c 00000000 00840058 00c600c6 00000000 00c800c8 00630063 00630063 002c0042 00000042 00002080 00000004
302  00000000 0000000c 00000000 00840058 00c800c8 00000000 00c800c8 00630063 00630063 002c0042 00000042 00000100 00000005
303  00000000 00000000 00000000 00840058 00c800c8 00000000 00c800c8 00640064 00640064 002c0042 00000042 00002080 00000003
304  00000000 0000000c 00000000 00840058 00c800c8 00000000 00ca00ca 00640064 00640064 002c0042 00000042 00000100 00000004
305  00000000 0000000c 00000000 00840058 00ca00ca 00000000 00ca00ca 00640064 00640064 002c0042 00000042 00000100 00000005
306  00000000 00000000 00000000 00840058 00ca00ca 00000000 00ca00ca 00650065 00650065 002c0042 00000042 00002080 00000003
307  00000000 0000000c 00000000 00840058 00ca00ca 00000000 00cc00cc 00650065 00650065 002c0042 00000042 00000100 00000004
308  00000000 0000000c 00000000 00840058 00cc00cc 00000000 00cc00cc 00650065 00650065 002c0042 00000042 00000100 00000005
309  00000000 00000000 00000000 00840058 00cc00cc 00000000 00cc00cc 00660066 00660066 002c0042 00000042 00000100 00000003
310  00000000 0000000c 00000000 00840058 00cc00cc 00000000 00ce00ce 00660066 00660066 002c0042 00000042 00000100 00000004
311  00000000 0000000c 00000000 00840058 00ce00ce 00000000 00ce00ce 00660066 00660066 002c0042 00000042 00000100 00000005
312  00000000 00000000 00000000 00840058 00ce00ce 00000000 00ce00ce 00670067 00670067 002c0042 00000042 00002180 00000003
313  00000000 0000000c 00000000 00840058 00ce00ce 00000000 00d000d0 00670067 00670067 002c0042 00000042 00002180 00000004
314  00000000 0000000c 00000000 00840058 00d000d0 00000000 00d000d0 00670067 00670067 002c0042 00000042 00002180 00000005
315  00000000 00000000 00000000 00840058 00d000d0 00000000 00d000d0 00680068 00680068 002c0042 00000042 00002180 00000003
316  00000000 0000000c 00000000 00840058 00d000d0 00000000 00d200d2 00680068 00680068 002c0042 00000042 00002180 00000004
317  00000000 0000000c 00000000 00840058 00d200d2 00000000 00d200d2 00680068 00680068 002c0042 00000042 00002180 00000005
318  00000000 00000000 00000000 00840058 00d200d2 00000000 00d200d2 00690069 00690069 002c0042 00000042 00002080 00000003
319  00000000 0000000c 00000000 00840058 00d200d2 00000000 00d400d4 00690069 00690069 002c0042 00000042 00002080 00000004
320  00000000 0000000c 00000000 00840058 00d400d4 00000000 00d400d4 00690069 00690069 002c0042 00000042 00002080 00000005
321  00000000 00000000 00000000 00840058 00d400d4 00000000 00d400d4 006a006a 006a006a 002c0042 00000042 00002080 00000003
322  00000000 0000000c 00000000 00840058 00d400d4 00000000 00d600d6 006a006a 006a006a 002c0042 00000042 00002080 00000004
323  00000000 0000000c 00000000 00840058 00d600d6 00000000 00d600d6 006a006a 006a006a 002c0042 00000042 00002080 00000005
324  00000000 00000000 00000000 00840058 00d600d6 00000000 00d600d6 006b006b 006b006b 002c0042 00000042 00002080 00000003
325  00000000 0000000c 00000000 00840058 00d600d6 00000000 00d800d8 006b006b 006b006b 002c0042 00000042 00002080 00000004
326  00000000 0000000c 00000000 00840058 00d800d8 00000000 00d800d8 006b006b 006b006b 002c0042 00000042 00002080 00000005
327  00000000 00000000 00000000 00840058 00d800d8 00000000 00d800d8 006c006c 006c006c 002c0042 00000042 00002080 00000003
328  00000000 0000000c 00000000 00840058 00d800d8 00000000 00da00da 006c006c 006c006c 002c0042 00000042 00002080 00000004
329  00000000 0000000c 00000000 00840058 00da00da 00000000 00da00da 006c006c 006c006c 002c0042 00000042 0000000f 00000005
330  00000000 00000000 00000000 00840058 00da00da 00000000 00da00da 006d006d 006d006d 002c0042 00000042 00002080 00000003
331  00000000 0000000c 00000000 00840058 00da00da 00000000 00dc00dc 006d006d 006d006d 002c0042 00000042 00002080 00000004
332  00000000 0000000c 00000000 00840058 00dc00dc 00000000 00dc00dc 006d006d 006d006d 002c0042 00000042 00002080 00000005
333  00000000 00000000 00000000 00840058 00dc00dc 00000000 00dc00dc 006e006e 006e006e 002c0042 00000042 00002080 00000003
334  00000000 0000000c 00000000 00840058 00dc00dc 00000000 00de00de 006e006e 006e006e 002c0042 00000042 00002080 00000004
335  00000000 0000000c 00000000 00840058 00de00de 00000000 00de00de 006e006e 006e006e 002c0042 00000042 00002080 00000005
336  00000000 00000000 00000000 00840058 00de00de 00000000 00de00de 006f006f 006f006f 002c0042 00000042 00002080 00000003
337  00000000 0000000c 00000000 00840058 00de00de 00000000 00e000e0 006f006f 006f006f 002c0042 00000042 00002080 00000004
338  00000000 0000000c 00000000 00840058 00e000e0 00000000 00e000e0 006f006f 006f006f 002c0042 00000042 00002080 00000005
339  00000000 00000000 00000000 00840058 00e000e0 00000000 00e000e0 00700070 00700070 002c0042 00000042 00002080 00000003
340  00000000 0000000c 00000000 00840058 00e000e0 00000000 00e200e2 00700070 00700070 002c0042 00000042 00002080 00000004
341  00000000 0000000c 00000000 00840058 00e200e2 00000000 00e200e2 00700070 00700070 002c0042 00000042 00002080 00000005
342  00000000 00000000 00000000 00840058 00e200e2 00000000 00e200e2 00710071 00710071 002c0042 00000042 00002080 00000003
343  00000000 0000000c 00000000 00840058 00e200e2 00000000 00e400e4 00710071 00710071 002c0042 00000042 00002080 00000004
344  00000000 0000000c 00000000 00840058 00e400e4 00000000 00e400e4 00710071 00710071 002c0042 00000042 00002080 00000005
345  00000000 00000000 00000000 00840058 00e400e4 00000000 00e400e4 00720072 00720072 002c0042 00000042 00002080 00000003
346  00000000 0000000c 00000000 00840058 00e400e4 00000000 00e600e6 00720072 00720072 002c0042 00000042 00002080 00000004
347  00000000 0000000c 00000000 00840058 00e600e6 00000000 00e600e6 00720072 00720072 002c0042 00000042 00002080 00000005
348  00000000 00000000 00000000 00840058 00e600e6 00000000 00e600e6 00730073 00730073 002c0042 00000042 00002080 00000003
349  00000000 0000000c 00000000 00840058 00e600e6 00000000 00e800e8 00730073 00730073 002c0042 00000042 00002080 00000004
350  00000000 0000000c 00000000 00840058 00e800e8 00000000 00e800e8 00730073 00730073 002c0042 00000042 00002080 00000005
351  00000000 00000000 00000000 00840058 00e800e8 00000000 00e800e8 00740074 00740074 002c0042 00000042 00002080 00000003
352  00000000 0000000c 00000000 00840058 00e800e8 00000000 00ea00ea 00740074 00740074 002c0042 00000042 00002080 00000004
353  00000000 0000000c 00000000 00840058 00ea00ea 00000000 00ea00ea 00740074 00740074 002c0042 00000042 00002080 00000005
354  00000000 00000000 00000000 00840058 00ea00ea 00000000 00ea00ea 00750075 00750075 002c0042 00000042 00002080 00000003
355  00000000 0000000c 00000000 00840058 00ea00ea 00000000 00ec00ec 00750075 00750075 002c0042 00000042 00002080 00000004
356  00000000 0000000c 00000000 00840058 00ec00ec 00000000 00ec00ec 00750075 00750075 002c0042 00000042 00002080 00000005
357  00000000 00000000 00000000 00840058 00ec00ec 00000000 00ec00ec 00760076 00760076 002c0042 00000042 00002080 00000003
358  00000000 0000000c 00000000 00840058 00ec00ec 00000000 00ee00ee 00760076 00760076 002c0042 00000042 00002080 00000004
359  00000000 0000000c 00000000 00840058 00ee00ee 00000000 00ee00ee 00760076 00760076 002c0042 00000042 00002080 00000005
360  00000000 00000000 00000000 00840058 00ee00ee 00000000 00ee00ee 00770077 00770077 002c0042 00000042 00002080 00000003
361  00000000 0000000c 00000000 00840058 00ee00ee 00000000 00f000f0 00770077 00770077 002c0042 00000042 00002080 00000004
362  00000000 0000000c 00000000 00840058 00f000f0 00000000 00f000f0 00770077 00770077 002c0042 00000042 00002080 00000005
363  00000000 00000000 00000000 00840058 00f000f0 00000000 00f000f0 00780078 00780078 002c0042 00000042 00002080 00000003
364  00000000 0000000c 00000000 00840058 00f000f0 00000000 00f200f2 00780078 00780078 002c0042 00000042 00002080 00000004
365  00000000 0000000c 00000000 00840058 00f200f2 00000000 00f200f2 00780078 00780078 002c0042 00000042 00002080 00000005
366  00000000 00000000 00000000 00840058 00f200f2 00000000 00f200f2 00790079 00790079 002c0042 00000042 00002080 00000003
367  00000000 0000000c 00000000 00840058 00f200f2 00000000 00f400f4 00790079 00790079 002c0042 00000042 00002080 00000004
368  00000000 0000000c 00000000 00840058 00f400f4 00000000 00f400f4 00790079 00790079 002c0042 00000042 00002080 00000005
369  00000000 00000000 00000000 00840058 00f400f4 00000000 00f400f4 007a007a 007a007a 002c0042 00000042 00002080 00000003
370  00000000 0000000c 00000000 00840058 00f400f4 00000000 00f600f6 007a007a 007a007a 002c0042 00000042 00002080 00000004
371  00000000 0000000c 00000000 00840058 00f600f6 00000000 00f600f6 007a007a 007a007a 002c0042 00000042 00002080 00000005
372  00000000 00000000 00000000 00840058 00f600f6 00000000 00f600f6 007b007b 007b007b 002c0042 00000042 00002080 00000003
373  00000000 0000000c 00000000 00840058 00f600f6 00000000 00f800f8 007b007b 007b007b 002c0042 00000042 00002080 00000004
374  00000000 0000000c 00000000 00840058 00f800f8 00000000 00f800f8 007b007b 007b007b 002c0042 00000042 00002080 00000005
375  00000000 00000000 00000000 00840058 00f800f8 00000000 00f800f8 007c007c 007c007c 002c0042 00000042 00002080 00000003
376  00000000 0000000c 00000000 00840058 00f800f8 00000000 00fa00fa 007c007c 007c007c 002c0042 00000042 00002080 00000004
377  00000000 0000000c 00000000 00840058 00fa00fa 00000000 00fa00fa 007c007c 007c007c 002c0042 00000042 00000100 00000005
378  00000000 00000000 00000000 00840058 00fa00fa 00000000 00fa00fa 007d007d 007d007d 002c0042 00000042 00002080 00000003
379  00000000 0000000c 00000000 00840058 00fa00fa 00000000 00fc00fc 007d007d 007d007d 002c0042 00000042 00002080 00000004
380  00000000 0000000c 00000000 00840058 00fc00fc 00000000 00fc00fc 007d007d 007d007d 002c0042 00000042 00000100 00000005
381  00000000 00000000 00000000 00840058 00fc00fc 00000000 00fc00fc 007e007e 007e007e 002c0042 00000042 00002080 00000003
382  00000000 0000000c 00000000 00840058 00fc00fc 00000000 00fe00fe 007e007e 007e007e 002c0042 00000042 00002080 00000004
383  00000000 0000000c 00000000 00840058 00fe00fe 00000000 00fe00fe 007e007e 007e007e 002c0042 00000042 00000100 00000005
384  00000000 00000000 00000000 00840058 00fe00fe 00000000 00fe00fe 007f007f 007f007f 002c0042 00000042 00002080 00000003
385  00000000 0000000c 00000000 00840058 00fe00fe 00000000 01000100 007f007f 007f007f 002c0042 00000042 00000100 00000004
386  00000000 0000000c 00000000 00840058 01000100 00000000 01000100 007f007f 007f007f 002c0042 00000042 00000100 00000005
387  00000000 00000000 00000000 00840058 01000100 00000000 01000100 00800080 00800080 002c0042 00000042 00000100 00000003
388  00000000 0000000c 00000000 00840058 01000100 00000000 01020102 00800080 00800080 002c0042 00000042 00000100 00000004
389  00000000 0000000c 00000000 00840058 01020102 00000000 01020102 00800080 00800080 002c0042 00000042 00000100 00000005
390  00000000 00000000 00000000 00840058 01020102 00000000 01020102 00810081 00810081 002c0042 00000042 00000100 00000003
391  00000000 0000000c 00000000 00840058 01020102 00000000 01040104 00810081 00810081 002c0042 00000042 00000100 00000004
392  00000000 0000000c 00000000 00840058 01040104 00000000 01040104 00810081 00810081 002c0042 00000042 00000100 00000005
393  00000000 00000000 00000000 00840058 01040104 00000000 01040104 00820082 00820082 002c0042 00000042 00002180 00000003
394  00000000 0000000c 00000000 00840058 01040104 00000000 01060106 00820082 00820082 002c0042 00000042 00002180 00000004
395  00000000 0000000c 00000000 00840058 01060106 00000000 01060106 00820082 00820082 002c0042 00000042 0000000f 00000005
396  00000000 00000000 00000000 00840058 01060106 00000000 01060106 00830083 00830083 002c0042 00000042 00002080 00000003
397  00000000 0000000c 00000000 00840058 01060106 00000000 01080108 00830083 00830083 002c0042 00000042 00002080 00000004
398  00000000 0000000c 00000000 00840058 01080108 00000000 01080108 00830083 00830083 002c0042 00000042 00002080 00000005
399  00000000 00000000 00000000 00840058 01080108 00000000 01080108 00840084 00840084 002c0042 00000042 00002080 00000003
400  00000000 0000000c 00000000 00840058 01080108 00000000 010a010a 00840084 00840084 002c0042 00000042 00002080 00000004
401  00000000 0000000c 00000000 00840058 010a010a 00000000 010a010a 00840084 00840084 002c0042 00000042 00002080 00000005
402  00000000 00000000 00000000 00840058 010a010a 00000000 010a010a 00850085 00850085 002c0042 00000042 00002080 00000003
403  00000000 0000000c 00000000 00840058 010a010a 00000000 010c010c 00850085 00850085 002c0042 00000042 00002080 00000004
404  00000000 0000000c 00000000 00840058 010c010c 00000000 010c010c 00850085 00850085 002c0042 00000042 00002080 00000005
405  00000000 00000000 00000000 00840058 010c010c 00000000 010c010c 00860086 00860086 002c0042 00000042 00002080 00000003
406  00000000 0000000c 00000000 00840058 010c010c 00000000 010e010e 00860086 00860086 002c0042 00000042 00002080 00000004
407  00000000 0000000c 00000000 00840058 010e010e 00000000 010e010e 00860086 00860086 002c0042 00000042 00002080 00000005
408  00000000 00000000 00000000 00840058 010e010e 00000000 010e010e 00870087 00870087 002c0042 00000042 00002080 00000003
409  00000000 0000000c 00000000 00840058 010e010e 00000000 01100110 00870087 00870087 002c0042 00000042 00002080 00000004
410  00000000 0000000c 00000000 00840058 01100110 00000000 01100110 00870087 00870087 002c0042 00000042 00002080 00000005
411  00000000 00000000 00000000 00840058 01100110 00000000 01100110 00880088 00880088 002c0042 00000042 00002080 00000006
